9.302548536028493187e-01 1.117087348732151098e+00 1.147319957981993932e+00 1.031416694501052778e+00 2.417818934842959511e+00 6.596498832172390525e-01 8.615078147236894246e-01 1.480387801877036669e+00 5.477417700672762013e-01 1.797137050867040342e+00 9.071684628272301820e-01 1.020227298938394478e+00
1.031242423956835630e+00 8.223352786406064041e-01 1.080006843413497730e+00 7.851827958186222700e-01 1.706585998946999361e+00 1.490459231445620203e+00 8.638200571108233250e-01 8.650339970703935233e-01 1.646046503289525953e+00 1.979816829974256898e+00 1.776829619434882712e+00 1.719496799608157600e+00
9.571806165877629891e-01 1.261485884901397458e+00 1.115921162027106561e+00 1.104064408243063511e+00 2.452724777150042890e+00 1.799766851598381345e+00 1.038813330422919678e+00 1.125886200112108604e+00 1.158563565288601938e+00 1.933564368121906796e+00 1.015381496341607459e+00 5.789491960212620469e-01
9.456739157413780461e-01 1.188466377910403660e+00 1.054764902031175566e+00 1.229556672638832060e+00 4.751741591649626395e-01 1.151678272004845294e+00 1.034110131362497187e+00 1.739708173126073731e+00 1.812626108844917816e+00 6.306080432951692849e-01 7.540326864021500430e-01 9.837600336955303337e-01
9.326577605711232621e-01 8.637355122517903494e-01 1.152582067309333436e+00 1.299027920848384365e+00 1.631321988635803244e+00 1.326306437087014567e+00 1.262317208210610886e+00 5.877409258942581927e-01 1.662022786328598123e+00 1.780525602179035882e+00 1.673431318388235667e+00 1.065066114663031804e+00
1.037089361859971026e+00 7.870286899479598253e-01 1.088360543028552341e+00 9.871318547202461158e-01 1.203444027207762002e+00 9.205910534970704884e-01 1.276836228122384842e+00 1.255111298415765075e+00 1.646026959495112019e+00 6.565292730414332700e-01 1.164758177766837655e+00 5.067698235035529297e-01
9.891923746036664911e-01 1.259739155064182992e+00 1.063967040992739976e+00 1.069458773173397326e+00 2.239950180139424596e+00 1.157639747477797743e+00 8.411625932938248118e-01 5.614194737433041427e-01 1.736005543268859919e+00 9.988859759270556360e-01 1.306732629905759557e+00 1.568467028582095413e+00
9.227250852674860893e-01 8.059969328273663969e-01 1.012488067685646920e+00 1.092066847458119883e+00 1.851048911026015098e+00 1.776494287479223333e+00 1.054588724451151371e+00 5.976662808993009612e-01 1.417657343636462564e+00 6.604904485511580159e-01 1.120358634485389304e+00 6.917124517220200053e-01
1.065653763329639458e+00 1.085076033816369856e+00 9.711452994114102566e-01 1.017149185138872980e+00 2.098353236745476025e+00 1.214258611901139595e+00 9.918849112214904729e-01 1.512833653194524564e+00 1.574079925920394585e+00 1.396285826362976934e+00 1.089732425494364776e+00 1.856711607663375618e+00
9.796428554197884608e-01 9.624068851764731036e-01 1.145835676886198584e+00 9.217640941408966615e-01 1.711024998100823424e+00 6.703877187419300387e-01 1.296152785987017886e+00 1.397569618335287256e+00 5.414586107357342026e-01 5.888737603379483598e-01 1.698299087870006829e+00 1.313835763837846393e+00
1.064627011875922458e+00 8.096919215104285694e-01 1.126978369011975900e+00 8.356705770888315232e-01 6.401288257643801272e-01 5.277280918366341611e-01 7.862427372282581040e-01 8.849294282362236697e-01 1.820159488590963104e+00 9.766473006307925253e-01 1.972235679395784036e+00 9.295709220442903709e-01
1.028981629343809212e+00 1.148563073845580984e+00 1.191082015190356724e+00 1.295972846614196872e+00 1.806035829910972001e+00 1.345932253180121663e+00 1.273635893162660349e+00 1.467785708232801856e+00 1.397750817656398858e+00 1.721092870464059565e+00 1.686755698237159207e+00 8.003067684367135559e-01
1.017126015508023062e+00 1.147718001343932093e+00 9.835594395660476330e-01 9.372043508989320593e-01 9.729972542125562285e-01 9.410044193679067970e-01 9.772688911122371369e-01 9.593133652122469712e-01 1.031359064038712914e+00 1.161748548558436678e+00 1.375367537799448758e+00 1.025721864922499060e+00
1.022683671042507569e+00 8.353349777335479232e-01 9.140721443998032214e-01 1.134747395537140324e+00 2.356041731712519738e+00 5.009154798450093926e-01 1.215275295260346056e+00 1.330371589655505726e+00 8.522645891171225507e-01 1.630121986976177606e+00 9.007915851095422699e-01 1.273587583214554675e+00
9.648066709112508299e-01 1.143252936798599073e+00 1.187768454953567865e+00 1.106643698665852549e+00 2.449970921365892895e+00 1.810149927675356318e+00 8.791690184967742017e-01 1.679772997907213128e+00 1.233352126622720979e+00 1.259496677836564826e+00 1.974935972533786055e+00 1.782427299033836565e+00
9.933740025877693114e-01 1.113431920349004622e+00 9.930526130908261528e-01 7.837476672079239925e-01 4.128913736909700094e-01 1.763017611093736559e+00 9.835614914148795851e-01 1.601369873735326355e+00 5.317700509068334913e-01 6.730126187604645871e-01 7.861471997644823295e-01 1.363426649777497168e+00
1.097095253337679877e+00 8.260760682449104220e-01 9.802078745297676532e-01 9.034926072275850650e-01 5.153445314553308787e-01 1.820498338588630194e+00 1.171521799251057594e+00 1.198381326529681878e+00 6.720909821710927545e-01 1.925545280917570601e+00 1.883157510863372686e+00 1.177584657393195178e+00
1.058772298673171575e+00 9.225870289357187559e-01 1.165842749141155821e+00 1.139807311718117333e+00 4.075795952399393074e-01 1.084090799704002794e+00 1.160014569717022770e+00 1.375226675975445678e+00 9.933357086100600419e-01 1.397324238847085009e+00 1.632552160740661673e+00 1.471711872595784509e+00
9.670003853661430782e-01 1.219033151316018637e+00 9.038413727944748510e-01 1.164928629639297553e+00 2.230877858518275136e+00 1.621686557728447386e+00 1.014915797934109021e+00 7.437941221930941538e-01 1.478610416418912221e+00 1.014317701120223569e+00 5.854461754099720139e-01 8.090400007913195468e-01
9.162054933917034294e-01 8.913770136186803805e-01 9.768110374378586869e-01 1.146789988649028924e+00 7.068442979811940807e-01 1.474444962424378502e+00 7.814690522649068161e-01 1.975418937205143388e+00 1.123005571597561980e+00 8.008552263312559427e-01 1.499729408879685089e+00 1.647910676276241659e+00
1.085539097647935769e+00 1.275847447164495607e+00 1.084328579687363403e+00 1.120435997243999893e+00 1.548156350344767507e+00 8.864439337166705180e-01 7.788653944729579948e-01 5.248632778293755852e-01 1.126018389459983116e+00 1.983553611814154793e+00 1.343308215385343951e+00 1.355268228521456120e+00
9.239051541822783653e-01 8.852060603111008286e-01 8.928979301921720069e-01 9.344966104152258035e-01 2.179097880948413835e+00 1.213270603516795498e+00 1.275770666243044360e+00 1.936145227725461160e+00 1.836696076933649113e+00 6.819669664070939774e-01 1.190609449648181384e+00 5.211250671258187417e-01
9.308625899271243398e-01 1.146262164095695146e+00 1.076750602310636795e+00 9.601339706904293836e-01 1.091195877337832520e+00 1.912889926841360388e+00 1.262056080642597777e+00 1.918578806328248287e+00 1.092953383207340146e+00 1.303447637505656953e+00 1.876219455220919041e+00 1.929517660836491455e+00
1.051994625860378285e+00 9.207121535795728118e-01 8.541693568105455103e-01 9.081368054252569877e-01 8.762242379874266573e-01 1.730826922206977647e+00 1.025222357836836684e+00 1.619463582206233543e+00 1.143144132246086908e+00 1.692176643370609357e+00 7.386201896235023989e-01 7.237466197396636991e-01
