9.3025485360284932e-01,1.1170873487321511e+00,1.1473199579819939e+00,1.0314166945010528e+00,2.4178189348429595e+00,6.5964988321723905e-01,8.6150781472368942e-01,1.4803878018770367e+00,5.4774177006727620e-01,1.7971370508670403e+00,9.0716846282723018e-01,1.0202272989383945e+00
9.3125485360284932e-01,1.1170873487321511e+00,1.1473199579819939e+00,1.0314166945010528e+00,2.4178189348429595e+00,6.5964988321723905e-01,8.6150781472368942e-01,1.4803878018770367e+00,5.4774177006727620e-01,1.7971370508670403e+00,9.0716846282723018e-01,1.0202272989383945e+00
9.3025485360284932e-01,1.1180873487321510e+00,1.1473199579819939e+00,1.0314166945010528e+00,2.4178189348429595e+00,6.5964988321723905e-01,8.6150781472368942e-01,1.4803878018770367e+00,5.4774177006727620e-01,1.7971370508670403e+00,9.0716846282723018e-01,1.0202272989383945e+00
9.3025485360284932e-01,1.1170873487321511e+00,1.1483199579819938e+00,1.0314166945010528e+00,2.4178189348429595e+00,6.5964988321723905e-01,8.6150781472368942e-01,1.4803878018770367e+00,5.4774177006727620e-01,1.7971370508670403e+00,9.0716846282723018e-01,1.0202272989383945e+00
9.3025485360284932e-01,1.1170873487321511e+00,1.1473199579819939e+00,1.0324166945010527e+00,2.4178189348429595e+00,6.5964988321723905e-01,8.6150781472368942e-01,1.4803878018770367e+00,5.4774177006727620e-01,1.7971370508670403e+00,9.0716846282723018e-01,1.0202272989383945e+00
9.3025485360284932e-01,1.1170873487321511e+00,1.1473199579819939e+00,1.0314166945010528e+00,2.4188189348429594e+00,6.5964988321723905e-01,8.6150781472368942e-01,1.4803878018770367e+00,5.4774177006727620e-01,1.7971370508670403e+00,9.0716846282723018e-01,1.0202272989383945e+00
9.3025485360284932e-01,1.1170873487321511e+00,1.1473199579819939e+00,1.0314166945010528e+00,2.4178189348429595e+00,6.6064988321723905e-01,8.6150781472368942e-01,1.4803878018770367e+00,5.4774177006727620e-01,1.7971370508670403e+00,9.0716846282723018e-01,1.0202272989383945e+00
9.3025485360284932e-01,1.1170873487321511e+00,1.1473199579819939e+00,1.0314166945010528e+00,2.4178189348429595e+00,6.5964988321723905e-01,8.6250781472368943e-01,1.4803878018770367e+00,5.4774177006727620e-01,1.7971370508670403e+00,9.0716846282723018e-01,1.0202272989383945e+00
9.3025485360284932e-01,1.1170873487321511e+00,1.1473199579819939e+00,1.0314166945010528e+00,2.4178189348429595e+00,6.5964988321723905e-01,8.6150781472368942e-01,1.4813878018770366e+00,5.4774177006727620e-01,1.7971370508670403e+00,9.0716846282723018e-01,1.0202272989383945e+00
9.3025485360284932e-01,1.1170873487321511e+00,1.1473199579819939e+00,1.0314166945010528e+00,2.4178189348429595e+00,6.5964988321723905e-01,8.6150781472368942e-01,1.4803878018770367e+00,5.4874177006727620e-01,1.7971370508670403e+00,9.0716846282723018e-01,1.0202272989383945e+00
9.3025485360284932e-01,1.1170873487321511e+00,1.1473199579819939e+00,1.0314166945010528e+00,2.4178189348429595e+00,6.5964988321723905e-01,8.6150781472368942e-01,1.4803878018770367e+00,5.4774177006727620e-01,1.7981370508670402e+00,9.0716846282723018e-01,1.0202272989383945e+00
9.3025485360284932e-01,1.1170873487321511e+00,1.1473199579819939e+00,1.0314166945010528e+00,2.4178189348429595e+00,6.5964988321723905e-01,8.6150781472368942e-01,1.4803878018770367e+00,5.4774177006727620e-01,1.7971370508670403e+00,9.0816846282723018e-01,1.0202272989383945e+00
9.3025485360284932e-01,1.1170873487321511e+00,1.1473199579819939e+00,1.0314166945010528e+00,2.4178189348429595e+00,6.5964988321723905e-01,8.6150781472368942e-01,1.4803878018770367e+00,5.4774177006727620e-01,1.7971370508670403e+00,9.0716846282723018e-01,1.0212272989383944e+00
1.0312424239568356e+00,8.2233527864060640e-01,1.0800068434134977e+00,7.8518279581862227e-01,1.7065859989469994e+00,1.4904592314456202e+00,8.6382005711082332e-01,8.6503399707039352e-01,1.6460465032895260e+00,1.9798168299742569e+00,1.7768296194348827e+00,1.7194967996081576e+00
1.0322424239568355e+00,8.2233527864060640e-01,1.0800068434134977e+00,7.8518279581862227e-01,1.7065859989469994e+00,1.4904592314456202e+00,8.6382005711082332e-01,8.6503399707039352e-01,1.6460465032895260e+00,1.9798168299742569e+00,1.7768296194348827e+00,1.7194967996081576e+00
1.0312424239568356e+00,8.2333527864060640e-01,1.0800068434134977e+00,7.8518279581862227e-01,1.7065859989469994e+00,1.4904592314456202e+00,8.6382005711082332e-01,8.6503399707039352e-01,1.6460465032895260e+00,1.9798168299742569e+00,1.7768296194348827e+00,1.7194967996081576e+00
1.0312424239568356e+00,8.2233527864060640e-01,1.0810068434134976e+00,7.8518279581862227e-01,1.7065859989469994e+00,1.4904592314456202e+00,8.6382005711082332e-01,8.6503399707039352e-01,1.6460465032895260e+00,1.9798168299742569e+00,1.7768296194348827e+00,1.7194967996081576e+00
1.0312424239568356e+00,8.2233527864060640e-01,1.0800068434134977e+00,7.8618279581862227e-01,1.7065859989469994e+00,1.4904592314456202e+00,8.6382005711082332e-01,8.6503399707039352e-01,1.6460465032895260e+00,1.9798168299742569e+00,1.7768296194348827e+00,1.7194967996081576e+00
1.0312424239568356e+00,8.2233527864060640e-01,1.0800068434134977e+00,7.8518279581862227e-01,1.7075859989469993e+00,1.4904592314456202e+00,8.6382005711082332e-01,8.6503399707039352e-01,1.6460465032895260e+00,1.9798168299742569e+00,1.7768296194348827e+00,1.7194967996081576e+00
1.0312424239568356e+00,8.2233527864060640e-01,1.0800068434134977e+00,7.8518279581862227e-01,1.7065859989469994e+00,1.4914592314456201e+00,8.6382005711082332e-01,8.6503399707039352e-01,1.6460465032895260e+00,1.9798168299742569e+00,1.7768296194348827e+00,1.7194967996081576e+00
1.0312424239568356e+00,8.2233527864060640e-01,1.0800068434134977e+00,7.8518279581862227e-01,1.7065859989469994e+00,1.4904592314456202e+00,8.6482005711082333e-01,8.6503399707039352e-01,1.6460465032895260e+00,1.9798168299742569e+00,1.7768296194348827e+00,1.7194967996081576e+00
1.0312424239568356e+00,8.2233527864060640e-01,1.0800068434134977e+00,7.8518279581862227e-01,1.7065859989469994e+00,1.4904592314456202e+00,8.6382005711082332e-01,8.6603399707039352e-01,1.6460465032895260e+00,1.9798168299742569e+00,1.7768296194348827e+00,1.7194967996081576e+00
1.0312424239568356e+00,8.2233527864060640e-01,1.0800068434134977e+00,7.8518279581862227e-01,1.7065859989469994e+00,1.4904592314456202e+00,8.6382005711082332e-01,8.6503399707039352e-01,1.6470465032895258e+00,1.9798168299742569e+00,1.7768296194348827e+00,1.7194967996081576e+00
1.0312424239568356e+00,8.2233527864060640e-01,1.0800068434134977e+00,7.8518279581862227e-01,1.7065859989469994e+00,1.4904592314456202e+00,8.6382005711082332e-01,8.6503399707039352e-01,1.6460465032895260e+00,1.9808168299742568e+00,1.7768296194348827e+00,1.7194967996081576e+00
1.0312424239568356e+00,8.2233527864060640e-01,1.0800068434134977e+00,7.8518279581862227e-01,1.7065859989469994e+00,1.4904592314456202e+00,8.6382005711082332e-01,8.6503399707039352e-01,1.6460465032895260e+00,1.9798168299742569e+00,1.7778296194348826e+00,1.7194967996081576e+00
1.0312424239568356e+00,8.2233527864060640e-01,1.0800068434134977e+00,7.8518279581862227e-01,1.7065859989469994e+00,1.4904592314456202e+00,8.6382005711082332e-01,8.6503399707039352e-01,1.6460465032895260e+00,1.9798168299742569e+00,1.7768296194348827e+00,1.7204967996081575e+00
9.5718061658776299e-01,1.2614858849013975e+00,1.1159211620271066e+00,1.1040644082430635e+00,2.4527247771500429e+00,1.7997668515983813e+00,1.0388133304229197e+00,1.1258862001121086e+00,1.1585635652886019e+00,1.9335643681219068e+00,1.0153814963416075e+00,5.7894919602126205e-01
9.5818061658776299e-01,1.2614858849013975e+00,1.1159211620271066e+00,1.1040644082430635e+00,2.4527247771500429e+00,1.7997668515983813e+00,1.0388133304229197e+00,1.1258862001121086e+00,1.1585635652886019e+00,1.9335643681219068e+00,1.0153814963416075e+00,5.7894919602126205e-01
9.5718061658776299e-01,1.2624858849013973e+00,1.1159211620271066e+00,1.1040644082430635e+00,2.4527247771500429e+00,1.7997668515983813e+00,1.0388133304229197e+00,1.1258862001121086e+00,1.1585635652886019e+00,1.9335643681219068e+00,1.0153814963416075e+00,5.7894919602126205e-01
9.5718061658776299e-01,1.2614858849013975e+00,1.1169211620271065e+00,1.1040644082430635e+00,2.4527247771500429e+00,1.7997668515983813e+00,1.0388133304229197e+00,1.1258862001121086e+00,1.1585635652886019e+00,1.9335643681219068e+00,1.0153814963416075e+00,5.7894919602126205e-01
9.5718061658776299e-01,1.2614858849013975e+00,1.1159211620271066e+00,1.1050644082430634e+00,2.4527247771500429e+00,1.7997668515983813e+00,1.0388133304229197e+00,1.1258862001121086e+00,1.1585635652886019e+00,1.9335643681219068e+00,1.0153814963416075e+00,5.7894919602126205e-01
9.5718061658776299e-01,1.2614858849013975e+00,1.1159211620271066e+00,1.1040644082430635e+00,2.4537247771500428e+00,1.7997668515983813e+00,1.0388133304229197e+00,1.1258862001121086e+00,1.1585635652886019e+00,1.9335643681219068e+00,1.0153814963416075e+00,5.7894919602126205e-01
9.5718061658776299e-01,1.2614858849013975e+00,1.1159211620271066e+00,1.1040644082430635e+00,2.4527247771500429e+00,1.8007668515983812e+00,1.0388133304229197e+00,1.1258862001121086e+00,1.1585635652886019e+00,1.9335643681219068e+00,1.0153814963416075e+00,5.7894919602126205e-01
9.5718061658776299e-01,1.2614858849013975e+00,1.1159211620271066e+00,1.1040644082430635e+00,2.4527247771500429e+00,1.7997668515983813e+00,1.0398133304229196e+00,1.1258862001121086e+00,1.1585635652886019e+00,1.9335643681219068e+00,1.0153814963416075e+00,5.7894919602126205e-01
9.5718061658776299e-01,1.2614858849013975e+00,1.1159211620271066e+00,1.1040644082430635e+00,2.4527247771500429e+00,1.7997668515983813e+00,1.0388133304229197e+00,1.1268862001121085e+00,1.1585635652886019e+00,1.9335643681219068e+00,1.0153814963416075e+00,5.7894919602126205e-01
9.5718061658776299e-01,1.2614858849013975e+00,1.1159211620271066e+00,1.1040644082430635e+00,2.4527247771500429e+00,1.7997668515983813e+00,1.0388133304229197e+00,1.1258862001121086e+00,1.1595635652886018e+00,1.9335643681219068e+00,1.0153814963416075e+00,5.7894919602126205e-01
9.5718061658776299e-01,1.2614858849013975e+00,1.1159211620271066e+00,1.1040644082430635e+00,2.4527247771500429e+00,1.7997668515983813e+00,1.0388133304229197e+00,1.1258862001121086e+00,1.1585635652886019e+00,1.9345643681219067e+00,1.0153814963416075e+00,5.7894919602126205e-01
9.5718061658776299e-01,1.2614858849013975e+00,1.1159211620271066e+00,1.1040644082430635e+00,2.4527247771500429e+00,1.7997668515983813e+00,1.0388133304229197e+00,1.1258862001121086e+00,1.1585635652886019e+00,1.9335643681219068e+00,1.0163814963416073e+00,5.7894919602126205e-01
9.5718061658776299e-01,1.2614858849013975e+00,1.1159211620271066e+00,1.1040644082430635e+00,2.4527247771500429e+00,1.7997668515983813e+00,1.0388133304229197e+00,1.1258862001121086e+00,1.1585635652886019e+00,1.9335643681219068e+00,1.0153814963416075e+00,5.7994919602126205e-01
9.4567391574137805e-01,1.1884663779104037e+00,1.0547649020311756e+00,1.2295566726388321e+00,4.7517415916496264e-01,1.1516782720048453e+00,1.0341101313624972e+00,1.7397081731260737e+00,1.8126261088449178e+00,6.3060804329516928e-01,7.5403268640215004e-01,9.8376003369553033e-01
9.4667391574137805e-01,1.1884663779104037e+00,1.0547649020311756e+00,1.2295566726388321e+00,4.7517415916496264e-01,1.1516782720048453e+00,1.0341101313624972e+00,1.7397081731260737e+00,1.8126261088449178e+00,6.3060804329516928e-01,7.5403268640215004e-01,9.8376003369553033e-01
9.4567391574137805e-01,1.1894663779104035e+00,1.0547649020311756e+00,1.2295566726388321e+00,4.7517415916496264e-01,1.1516782720048453e+00,1.0341101313624972e+00,1.7397081731260737e+00,1.8126261088449178e+00,6.3060804329516928e-01,7.5403268640215004e-01,9.8376003369553033e-01
9.4567391574137805e-01,1.1884663779104037e+00,1.0557649020311755e+00,1.2295566726388321e+00,4.7517415916496264e-01,1.1516782720048453e+00,1.0341101313624972e+00,1.7397081731260737e+00,1.8126261088449178e+00,6.3060804329516928e-01,7.5403268640215004e-01,9.8376003369553033e-01
9.4567391574137805e-01,1.1884663779104037e+00,1.0547649020311756e+00,1.2305566726388319e+00,4.7517415916496264e-01,1.1516782720048453e+00,1.0341101313624972e+00,1.7397081731260737e+00,1.8126261088449178e+00,6.3060804329516928e-01,7.5403268640215004e-01,9.8376003369553033e-01
9.4567391574137805e-01,1.1884663779104037e+00,1.0547649020311756e+00,1.2295566726388321e+00,4.7617415916496264e-01,1.1516782720048453e+00,1.0341101313624972e+00,1.7397081731260737e+00,1.8126261088449178e+00,6.3060804329516928e-01,7.5403268640215004e-01,9.8376003369553033e-01
9.4567391574137805e-01,1.1884663779104037e+00,1.0547649020311756e+00,1.2295566726388321e+00,4.7517415916496264e-01,1.1526782720048452e+00,1.0341101313624972e+00,1.7397081731260737e+00,1.8126261088449178e+00,6.3060804329516928e-01,7.5403268640215004e-01,9.8376003369553033e-01
9.4567391574137805e-01,1.1884663779104037e+00,1.0547649020311756e+00,1.2295566726388321e+00,4.7517415916496264e-01,1.1516782720048453e+00,1.0351101313624971e+00,1.7397081731260737e+00,1.8126261088449178e+00,6.3060804329516928e-01,7.5403268640215004e-01,9.8376003369553033e-01
9.4567391574137805e-01,1.1884663779104037e+00,1.0547649020311756e+00,1.2295566726388321e+00,4.7517415916496264e-01,1.1516782720048453e+00,1.0341101313624972e+00,1.7407081731260736e+00,1.8126261088449178e+00,6.3060804329516928e-01,7.5403268640215004e-01,9.8376003369553033e-01
9.4567391574137805e-01,1.1884663779104037e+00,1.0547649020311756e+00,1.2295566726388321e+00,4.7517415916496264e-01,1.1516782720048453e+00,1.0341101313624972e+00,1.7397081731260737e+00,1.8136261088449177e+00,6.3060804329516928e-01,7.5403268640215004e-01,9.8376003369553033e-01
9.4567391574137805e-01,1.1884663779104037e+00,1.0547649020311756e+00,1.2295566726388321e+00,4.7517415916496264e-01,1.1516782720048453e+00,1.0341101313624972e+00,1.7397081731260737e+00,1.8126261088449178e+00,6.3160804329516929e-01,7.5403268640215004e-01,9.8376003369553033e-01
9.4567391574137805e-01,1.1884663779104037e+00,1.0547649020311756e+00,1.2295566726388321e+00,4.7517415916496264e-01,1.1516782720048453e+00,1.0341101313624972e+00,1.7397081731260737e+00,1.8126261088449178e+00,6.3060804329516928e-01,7.5503268640215004e-01,9.8376003369553033e-01
9.4567391574137805e-01,1.1884663779104037e+00,1.0547649020311756e+00,1.2295566726388321e+00,4.7517415916496264e-01,1.1516782720048453e+00,1.0341101313624972e+00,1.7397081731260737e+00,1.8126261088449178e+00,6.3060804329516928e-01,7.5403268640215004e-01,9.8476003369553033e-01
9.3265776057112326e-01,8.6373551225179035e-01,1.1525820673093334e+00,1.2990279208483844e+00,1.6313219886358032e+00,1.3263064370870146e+00,1.2623172082106109e+00,5.8774092589425819e-01,1.6620227863285981e+00,1.7805256021790359e+00,1.6734313183882357e+00,1.0650661146630318e+00
9.3365776057112326e-01,8.6373551225179035e-01,1.1525820673093334e+00,1.2990279208483844e+00,1.6313219886358032e+00,1.3263064370870146e+00,1.2623172082106109e+00,5.8774092589425819e-01,1.6620227863285981e+00,1.7805256021790359e+00,1.6734313183882357e+00,1.0650661146630318e+00
9.3265776057112326e-01,8.6473551225179035e-01,1.1525820673093334e+00,1.2990279208483844e+00,1.6313219886358032e+00,1.3263064370870146e+00,1.2623172082106109e+00,5.8774092589425819e-01,1.6620227863285981e+00,1.7805256021790359e+00,1.6734313183882357e+00,1.0650661146630318e+00
9.3265776057112326e-01,8.6373551225179035e-01,1.1535820673093333e+00,1.2990279208483844e+00,1.6313219886358032e+00,1.3263064370870146e+00,1.2623172082106109e+00,5.8774092589425819e-01,1.6620227863285981e+00,1.7805256021790359e+00,1.6734313183882357e+00,1.0650661146630318e+00
9.3265776057112326e-01,8.6373551225179035e-01,1.1525820673093334e+00,1.3000279208483843e+00,1.6313219886358032e+00,1.3263064370870146e+00,1.2623172082106109e+00,5.8774092589425819e-01,1.6620227863285981e+00,1.7805256021790359e+00,1.6734313183882357e+00,1.0650661146630318e+00
9.3265776057112326e-01,8.6373551225179035e-01,1.1525820673093334e+00,1.2990279208483844e+00,1.6323219886358031e+00,1.3263064370870146e+00,1.2623172082106109e+00,5.8774092589425819e-01,1.6620227863285981e+00,1.7805256021790359e+00,1.6734313183882357e+00,1.0650661146630318e+00
9.3265776057112326e-01,8.6373551225179035e-01,1.1525820673093334e+00,1.2990279208483844e+00,1.6313219886358032e+00,1.3273064370870145e+00,1.2623172082106109e+00,5.8774092589425819e-01,1.6620227863285981e+00,1.7805256021790359e+00,1.6734313183882357e+00,1.0650661146630318e+00
9.3265776057112326e-01,8.6373551225179035e-01,1.1525820673093334e+00,1.2990279208483844e+00,1.6313219886358032e+00,1.3263064370870146e+00,1.2633172082106108e+00,5.8774092589425819e-01,1.6620227863285981e+00,1.7805256021790359e+00,1.6734313183882357e+00,1.0650661146630318e+00
9.3265776057112326e-01,8.6373551225179035e-01,1.1525820673093334e+00,1.2990279208483844e+00,1.6313219886358032e+00,1.3263064370870146e+00,1.2623172082106109e+00,5.8874092589425819e-01,1.6620227863285981e+00,1.7805256021790359e+00,1.6734313183882357e+00,1.0650661146630318e+00
9.3265776057112326e-01,8.6373551225179035e-01,1.1525820673093334e+00,1.2990279208483844e+00,1.6313219886358032e+00,1.3263064370870146e+00,1.2623172082106109e+00,5.8774092589425819e-01,1.6630227863285980e+00,1.7805256021790359e+00,1.6734313183882357e+00,1.0650661146630318e+00
9.3265776057112326e-01,8.6373551225179035e-01,1.1525820673093334e+00,1.2990279208483844e+00,1.6313219886358032e+00,1.3263064370870146e+00,1.2623172082106109e+00,5.8774092589425819e-01,1.6620227863285981e+00,1.7815256021790358e+00,1.6734313183882357e+00,1.0650661146630318e+00
9.3265776057112326e-01,8.6373551225179035e-01,1.1525820673093334e+00,1.2990279208483844e+00,1.6313219886358032e+00,1.3263064370870146e+00,1.2623172082106109e+00,5.8774092589425819e-01,1.6620227863285981e+00,1.7805256021790359e+00,1.6744313183882356e+00,1.0650661146630318e+00
9.3265776057112326e-01,8.6373551225179035e-01,1.1525820673093334e+00,1.2990279208483844e+00,1.6313219886358032e+00,1.3263064370870146e+00,1.2623172082106109e+00,5.8774092589425819e-01,1.6620227863285981e+00,1.7805256021790359e+00,1.6734313183882357e+00,1.0660661146630317e+00
1.0370893618599710e+00,7.8702868994795983e-01,1.0883605430285523e+00,9.8713185472024612e-01,1.2034440272077620e+00,9.2059105349707049e-01,1.2768362281223848e+00,1.2551112984157651e+00,1.6460269594951120e+00,6.5652927304143327e-01,1.1647581777668377e+00,5.0676982350355293e-01
1.0380893618599709e+00,7.8702868994795983e-01,1.0883605430285523e+00,9.8713185472024612e-01,1.2034440272077620e+00,9.2059105349707049e-01,1.2768362281223848e+00,1.2551112984157651e+00,1.6460269594951120e+00,6.5652927304143327e-01,1.1647581777668377e+00,5.0676982350355293e-01
1.0370893618599710e+00,7.8802868994795983e-01,1.0883605430285523e+00,9.8713185472024612e-01,1.2034440272077620e+00,9.2059105349707049e-01,1.2768362281223848e+00,1.2551112984157651e+00,1.6460269594951120e+00,6.5652927304143327e-01,1.1647581777668377e+00,5.0676982350355293e-01
1.0370893618599710e+00,7.8702868994795983e-01,1.0893605430285522e+00,9.8713185472024612e-01,1.2034440272077620e+00,9.2059105349707049e-01,1.2768362281223848e+00,1.2551112984157651e+00,1.6460269594951120e+00,6.5652927304143327e-01,1.1647581777668377e+00,5.0676982350355293e-01
1.0370893618599710e+00,7.8702868994795983e-01,1.0883605430285523e+00,9.8813185472024612e-01,1.2034440272077620e+00,9.2059105349707049e-01,1.2768362281223848e+00,1.2551112984157651e+00,1.6460269594951120e+00,6.5652927304143327e-01,1.1647581777668377e+00,5.0676982350355293e-01
1.0370893618599710e+00,7.8702868994795983e-01,1.0883605430285523e+00,9.8713185472024612e-01,1.2044440272077619e+00,9.2059105349707049e-01,1.2768362281223848e+00,1.2551112984157651e+00,1.6460269594951120e+00,6.5652927304143327e-01,1.1647581777668377e+00,5.0676982350355293e-01
1.0370893618599710e+00,7.8702868994795983e-01,1.0883605430285523e+00,9.8713185472024612e-01,1.2034440272077620e+00,9.2159105349707049e-01,1.2768362281223848e+00,1.2551112984157651e+00,1.6460269594951120e+00,6.5652927304143327e-01,1.1647581777668377e+00,5.0676982350355293e-01
1.0370893618599710e+00,7.8702868994795983e-01,1.0883605430285523e+00,9.8713185472024612e-01,1.2034440272077620e+00,9.2059105349707049e-01,1.2778362281223847e+00,1.2551112984157651e+00,1.6460269594951120e+00,6.5652927304143327e-01,1.1647581777668377e+00,5.0676982350355293e-01
1.0370893618599710e+00,7.8702868994795983e-01,1.0883605430285523e+00,9.8713185472024612e-01,1.2034440272077620e+00,9.2059105349707049e-01,1.2768362281223848e+00,1.2561112984157650e+00,1.6460269594951120e+00,6.5652927304143327e-01,1.1647581777668377e+00,5.0676982350355293e-01
1.0370893618599710e+00,7.8702868994795983e-01,1.0883605430285523e+00,9.8713185472024612e-01,1.2034440272077620e+00,9.2059105349707049e-01,1.2768362281223848e+00,1.2551112984157651e+00,1.6470269594951119e+00,6.5652927304143327e-01,1.1647581777668377e+00,5.0676982350355293e-01
1.0370893618599710e+00,7.8702868994795983e-01,1.0883605430285523e+00,9.8713185472024612e-01,1.2034440272077620e+00,9.2059105349707049e-01,1.2768362281223848e+00,1.2551112984157651e+00,1.6460269594951120e+00,6.5752927304143327e-01,1.1647581777668377e+00,5.0676982350355293e-01
1.0370893618599710e+00,7.8702868994795983e-01,1.0883605430285523e+00,9.8713185472024612e-01,1.2034440272077620e+00,9.2059105349707049e-01,1.2768362281223848e+00,1.2551112984157651e+00,1.6460269594951120e+00,6.5652927304143327e-01,1.1657581777668375e+00,5.0676982350355293e-01
1.0370893618599710e+00,7.8702868994795983e-01,1.0883605430285523e+00,9.8713185472024612e-01,1.2034440272077620e+00,9.2059105349707049e-01,1.2768362281223848e+00,1.2551112984157651e+00,1.6460269594951120e+00,6.5652927304143327e-01,1.1647581777668377e+00,5.0776982350355293e-01
9.8919237460366649e-01,1.2597391550641830e+00,1.0639670409927400e+00,1.0694587731733973e+00,2.2399501801394246e+00,1.1576397474777977e+00,8.4116259329382481e-01,5.6141947374330414e-01,1.7360055432688599e+00,9.9888597592705564e-01,1.3067326299057596e+00,1.5684670285820954e+00
9.9019237460366649e-01,1.2597391550641830e+00,1.0639670409927400e+00,1.0694587731733973e+00,2.2399501801394246e+00,1.1576397474777977e+00,8.4116259329382481e-01,5.6141947374330414e-01,1.7360055432688599e+00,9.9888597592705564e-01,1.3067326299057596e+00,1.5684670285820954e+00
9.8919237460366649e-01,1.2607391550641829e+00,1.0639670409927400e+00,1.0694587731733973e+00,2.2399501801394246e+00,1.1576397474777977e+00,8.4116259329382481e-01,5.6141947374330414e-01,1.7360055432688599e+00,9.9888597592705564e-01,1.3067326299057596e+00,1.5684670285820954e+00
9.8919237460366649e-01,1.2597391550641830e+00,1.0649670409927399e+00,1.0694587731733973e+00,2.2399501801394246e+00,1.1576397474777977e+00,8.4116259329382481e-01,5.6141947374330414e-01,1.7360055432688599e+00,9.9888597592705564e-01,1.3067326299057596e+00,1.5684670285820954e+00
9.8919237460366649e-01,1.2597391550641830e+00,1.0639670409927400e+00,1.0704587731733972e+00,2.2399501801394246e+00,1.1576397474777977e+00,8.4116259329382481e-01,5.6141947374330414e-01,1.7360055432688599e+00,9.9888597592705564e-01,1.3067326299057596e+00,1.5684670285820954e+00
9.8919237460366649e-01,1.2597391550641830e+00,1.0639670409927400e+00,1.0694587731733973e+00,2.2409501801394245e+00,1.1576397474777977e+00,8.4116259329382481e-01,5.6141947374330414e-01,1.7360055432688599e+00,9.9888597592705564e-01,1.3067326299057596e+00,1.5684670285820954e+00
9.8919237460366649e-01,1.2597391550641830e+00,1.0639670409927400e+00,1.0694587731733973e+00,2.2399501801394246e+00,1.1586397474777976e+00,8.4116259329382481e-01,5.6141947374330414e-01,1.7360055432688599e+00,9.9888597592705564e-01,1.3067326299057596e+00,1.5684670285820954e+00
9.8919237460366649e-01,1.2597391550641830e+00,1.0639670409927400e+00,1.0694587731733973e+00,2.2399501801394246e+00,1.1576397474777977e+00,8.4216259329382481e-01,5.6141947374330414e-01,1.7360055432688599e+00,9.9888597592705564e-01,1.3067326299057596e+00,1.5684670285820954e+00
9.8919237460366649e-01,1.2597391550641830e+00,1.0639670409927400e+00,1.0694587731733973e+00,2.2399501801394246e+00,1.1576397474777977e+00,8.4116259329382481e-01,5.6241947374330414e-01,1.7360055432688599e+00,9.9888597592705564e-01,1.3067326299057596e+00,1.5684670285820954e+00
9.8919237460366649e-01,1.2597391550641830e+00,1.0639670409927400e+00,1.0694587731733973e+00,2.2399501801394246e+00,1.1576397474777977e+00,8.4116259329382481e-01,5.6141947374330414e-01,1.7370055432688598e+00,9.9888597592705564e-01,1.3067326299057596e+00,1.5684670285820954e+00
9.8919237460366649e-01,1.2597391550641830e+00,1.0639670409927400e+00,1.0694587731733973e+00,2.2399501801394246e+00,1.1576397474777977e+00,8.4116259329382481e-01,5.6141947374330414e-01,1.7360055432688599e+00,9.9988597592705564e-01,1.3067326299057596e+00,1.5684670285820954e+00
9.8919237460366649e-01,1.2597391550641830e+00,1.0639670409927400e+00,1.0694587731733973e+00,2.2399501801394246e+00,1.1576397474777977e+00,8.4116259329382481e-01,5.6141947374330414e-01,1.7360055432688599e+00,9.9888597592705564e-01,1.3077326299057594e+00,1.5684670285820954e+00
9.8919237460366649e-01,1.2597391550641830e+00,1.0639670409927400e+00,1.0694587731733973e+00,2.2399501801394246e+00,1.1576397474777977e+00,8.4116259329382481e-01,5.6141947374330414e-01,1.7360055432688599e+00,9.9888597592705564e-01,1.3067326299057596e+00,1.5694670285820953e+00
9.2272508526748609e-01,8.0599693282736640e-01,1.0124880676856469e+00,1.0920668474581199e+00,1.8510489110260151e+00,1.7764942874792233e+00,1.0545887244511514e+00,5.9766628089930096e-01,1.4176573436364626e+00,6.6049044855115802e-01,1.1203586344853893e+00,6.9171245172202001e-01
9.2372508526748609e-01,8.0599693282736640e-01,1.0124880676856469e+00,1.0920668474581199e+00,1.8510489110260151e+00,1.7764942874792233e+00,1.0545887244511514e+00,5.9766628089930096e-01,1.4176573436364626e+00,6.6049044855115802e-01,1.1203586344853893e+00,6.9171245172202001e-01
9.2272508526748609e-01,8.0699693282736640e-01,1.0124880676856469e+00,1.0920668474581199e+00,1.8510489110260151e+00,1.7764942874792233e+00,1.0545887244511514e+00,5.9766628089930096e-01,1.4176573436364626e+00,6.6049044855115802e-01,1.1203586344853893e+00,6.9171245172202001e-01
9.2272508526748609e-01,8.0599693282736640e-01,1.0134880676856468e+00,1.0920668474581199e+00,1.8510489110260151e+00,1.7764942874792233e+00,1.0545887244511514e+00,5.9766628089930096e-01,1.4176573436364626e+00,6.6049044855115802e-01,1.1203586344853893e+00,6.9171245172202001e-01
9.2272508526748609e-01,8.0599693282736640e-01,1.0124880676856469e+00,1.0930668474581198e+00,1.8510489110260151e+00,1.7764942874792233e+00,1.0545887244511514e+00,5.9766628089930096e-01,1.4176573436364626e+00,6.6049044855115802e-01,1.1203586344853893e+00,6.9171245172202001e-01
9.2272508526748609e-01,8.0599693282736640e-01,1.0124880676856469e+00,1.0920668474581199e+00,1.8520489110260150e+00,1.7764942874792233e+00,1.0545887244511514e+00,5.9766628089930096e-01,1.4176573436364626e+00,6.6049044855115802e-01,1.1203586344853893e+00,6.9171245172202001e-01
9.2272508526748609e-01,8.0599693282736640e-01,1.0124880676856469e+00,1.0920668474581199e+00,1.8510489110260151e+00,1.7774942874792232e+00,1.0545887244511514e+00,5.9766628089930096e-01,1.4176573436364626e+00,6.6049044855115802e-01,1.1203586344853893e+00,6.9171245172202001e-01
9.2272508526748609e-01,8.0599693282736640e-01,1.0124880676856469e+00,1.0920668474581199e+00,1.8510489110260151e+00,1.7764942874792233e+00,1.0555887244511513e+00,5.9766628089930096e-01,1.4176573436364626e+00,6.6049044855115802e-01,1.1203586344853893e+00,6.9171245172202001e-01
9.2272508526748609e-01,8.0599693282736640e-01,1.0124880676856469e+00,1.0920668474581199e+00,1.8510489110260151e+00,1.7764942874792233e+00,1.0545887244511514e+00,5.9866628089930096e-01,1.4176573436364626e+00,6.6049044855115802e-01,1.1203586344853893e+00,6.9171245172202001e-01
9.2272508526748609e-01,8.0599693282736640e-01,1.0124880676856469e+00,1.0920668474581199e+00,1.8510489110260151e+00,1.7764942874792233e+00,1.0545887244511514e+00,5.9766628089930096e-01,1.4186573436364625e+00,6.6049044855115802e-01,1.1203586344853893e+00,6.9171245172202001e-01
9.2272508526748609e-01,8.0599693282736640e-01,1.0124880676856469e+00,1.0920668474581199e+00,1.8510489110260151e+00,1.7764942874792233e+00,1.0545887244511514e+00,5.9766628089930096e-01,1.4176573436364626e+00,6.6149044855115802e-01,1.1203586344853893e+00,6.9171245172202001e-01
9.2272508526748609e-01,8.0599693282736640e-01,1.0124880676856469e+00,1.0920668474581199e+00,1.8510489110260151e+00,1.7764942874792233e+00,1.0545887244511514e+00,5.9766628089930096e-01,1.4176573436364626e+00,6.6049044855115802e-01,1.1213586344853892e+00,6.9171245172202001e-01
9.2272508526748609e-01,8.0599693282736640e-01,1.0124880676856469e+00,1.0920668474581199e+00,1.8510489110260151e+00,1.7764942874792233e+00,1.0545887244511514e+00,5.9766628089930096e-01,1.4176573436364626e+00,6.6049044855115802e-01,1.1203586344853893e+00,6.9271245172202001e-01
1.0656537633296395e+00,1.0850760338163699e+00,9.7114529941141026e-01,1.0171491851388730e+00,2.0983532367454760e+00,1.2142586119011396e+00,9.9188491122149047e-01,1.5128336531945246e+00,1.5740799259203946e+00,1.3962858263629769e+00,1.0897324254943648e+00,1.8567116076633756e+00
1.0666537633296393e+00,1.0850760338163699e+00,9.7114529941141026e-01,1.0171491851388730e+00,2.0983532367454760e+00,1.2142586119011396e+00,9.9188491122149047e-01,1.5128336531945246e+00,1.5740799259203946e+00,1.3962858263629769e+00,1.0897324254943648e+00,1.8567116076633756e+00
1.0656537633296395e+00,1.0860760338163697e+00,9.7114529941141026e-01,1.0171491851388730e+00,2.0983532367454760e+00,1.2142586119011396e+00,9.9188491122149047e-01,1.5128336531945246e+00,1.5740799259203946e+00,1.3962858263629769e+00,1.0897324254943648e+00,1.8567116076633756e+00
1.0656537633296395e+00,1.0850760338163699e+00,9.7214529941141026e-01,1.0171491851388730e+00,2.0983532367454760e+00,1.2142586119011396e+00,9.9188491122149047e-01,1.5128336531945246e+00,1.5740799259203946e+00,1.3962858263629769e+00,1.0897324254943648e+00,1.8567116076633756e+00
1.0656537633296395e+00,1.0850760338163699e+00,9.7114529941141026e-01,1.0181491851388729e+00,2.0983532367454760e+00,1.2142586119011396e+00,9.9188491122149047e-01,1.5128336531945246e+00,1.5740799259203946e+00,1.3962858263629769e+00,1.0897324254943648e+00,1.8567116076633756e+00
1.0656537633296395e+00,1.0850760338163699e+00,9.7114529941141026e-01,1.0171491851388730e+00,2.0993532367454759e+00,1.2142586119011396e+00,9.9188491122149047e-01,1.5128336531945246e+00,1.5740799259203946e+00,1.3962858263629769e+00,1.0897324254943648e+00,1.8567116076633756e+00
1.0656537633296395e+00,1.0850760338163699e+00,9.7114529941141026e-01,1.0171491851388730e+00,2.0983532367454760e+00,1.2152586119011395e+00,9.9188491122149047e-01,1.5128336531945246e+00,1.5740799259203946e+00,1.3962858263629769e+00,1.0897324254943648e+00,1.8567116076633756e+00
1.0656537633296395e+00,1.0850760338163699e+00,9.7114529941141026e-01,1.0171491851388730e+00,2.0983532367454760e+00,1.2142586119011396e+00,9.9288491122149047e-01,1.5128336531945246e+00,1.5740799259203946e+00,1.3962858263629769e+00,1.0897324254943648e+00,1.8567116076633756e+00
1.0656537633296395e+00,1.0850760338163699e+00,9.7114529941141026e-01,1.0171491851388730e+00,2.0983532367454760e+00,1.2142586119011396e+00,9.9188491122149047e-01,1.5138336531945245e+00,1.5740799259203946e+00,1.3962858263629769e+00,1.0897324254943648e+00,1.8567116076633756e+00
1.0656537633296395e+00,1.0850760338163699e+00,9.7114529941141026e-01,1.0171491851388730e+00,2.0983532367454760e+00,1.2142586119011396e+00,9.9188491122149047e-01,1.5128336531945246e+00,1.5750799259203945e+00,1.3962858263629769e+00,1.0897324254943648e+00,1.8567116076633756e+00
1.0656537633296395e+00,1.0850760338163699e+00,9.7114529941141026e-01,1.0171491851388730e+00,2.0983532367454760e+00,1.2142586119011396e+00,9.9188491122149047e-01,1.5128336531945246e+00,1.5740799259203946e+00,1.3972858263629768e+00,1.0897324254943648e+00,1.8567116076633756e+00
1.0656537633296395e+00,1.0850760338163699e+00,9.7114529941141026e-01,1.0171491851388730e+00,2.0983532367454760e+00,1.2142586119011396e+00,9.9188491122149047e-01,1.5128336531945246e+00,1.5740799259203946e+00,1.3962858263629769e+00,1.0907324254943647e+00,1.8567116076633756e+00
1.0656537633296395e+00,1.0850760338163699e+00,9.7114529941141026e-01,1.0171491851388730e+00,2.0983532367454760e+00,1.2142586119011396e+00,9.9188491122149047e-01,1.5128336531945246e+00,1.5740799259203946e+00,1.3962858263629769e+00,1.0897324254943648e+00,1.8577116076633755e+00
9.7964285541978846e-01,9.6240688517647310e-01,1.1458356768861986e+00,9.2176409414089666e-01,1.7110249981008234e+00,6.7038771874193004e-01,1.2961527859870179e+00,1.3975696183352873e+00,5.4145861073573420e-01,5.8887376033794836e-01,1.6982990878700068e+00,1.3138357638378464e+00
9.8064285541978846e-01,9.6240688517647310e-01,1.1458356768861986e+00,9.2176409414089666e-01,1.7110249981008234e+00,6.7038771874193004e-01,1.2961527859870179e+00,1.3975696183352873e+00,5.4145861073573420e-01,5.8887376033794836e-01,1.6982990878700068e+00,1.3138357638378464e+00
9.7964285541978846e-01,9.6340688517647310e-01,1.1458356768861986e+00,9.2176409414089666e-01,1.7110249981008234e+00,6.7038771874193004e-01,1.2961527859870179e+00,1.3975696183352873e+00,5.4145861073573420e-01,5.8887376033794836e-01,1.6982990878700068e+00,1.3138357638378464e+00
9.7964285541978846e-01,9.6240688517647310e-01,1.1468356768861985e+00,9.2176409414089666e-01,1.7110249981008234e+00,6.7038771874193004e-01,1.2961527859870179e+00,1.3975696183352873e+00,5.4145861073573420e-01,5.8887376033794836e-01,1.6982990878700068e+00,1.3138357638378464e+00
9.7964285541978846e-01,9.6240688517647310e-01,1.1458356768861986e+00,9.2276409414089666e-01,1.7110249981008234e+00,6.7038771874193004e-01,1.2961527859870179e+00,1.3975696183352873e+00,5.4145861073573420e-01,5.8887376033794836e-01,1.6982990878700068e+00,1.3138357638378464e+00
9.7964285541978846e-01,9.6240688517647310e-01,1.1458356768861986e+00,9.2176409414089666e-01,1.7120249981008233e+00,6.7038771874193004e-01,1.2961527859870179e+00,1.3975696183352873e+00,5.4145861073573420e-01,5.8887376033794836e-01,1.6982990878700068e+00,1.3138357638378464e+00
9.7964285541978846e-01,9.6240688517647310e-01,1.1458356768861986e+00,9.2176409414089666e-01,1.7110249981008234e+00,6.7138771874193004e-01,1.2961527859870179e+00,1.3975696183352873e+00,5.4145861073573420e-01,5.8887376033794836e-01,1.6982990878700068e+00,1.3138357638378464e+00
9.7964285541978846e-01,9.6240688517647310e-01,1.1458356768861986e+00,9.2176409414089666e-01,1.7110249981008234e+00,6.7038771874193004e-01,1.2971527859870178e+00,1.3975696183352873e+00,5.4145861073573420e-01,5.8887376033794836e-01,1.6982990878700068e+00,1.3138357638378464e+00
9.7964285541978846e-01,9.6240688517647310e-01,1.1458356768861986e+00,9.2176409414089666e-01,1.7110249981008234e+00,6.7038771874193004e-01,1.2961527859870179e+00,1.3985696183352871e+00,5.4145861073573420e-01,5.8887376033794836e-01,1.6982990878700068e+00,1.3138357638378464e+00
9.7964285541978846e-01,9.6240688517647310e-01,1.1458356768861986e+00,9.2176409414089666e-01,1.7110249981008234e+00,6.7038771874193004e-01,1.2961527859870179e+00,1.3975696183352873e+00,5.4245861073573420e-01,5.8887376033794836e-01,1.6982990878700068e+00,1.3138357638378464e+00
9.7964285541978846e-01,9.6240688517647310e-01,1.1458356768861986e+00,9.2176409414089666e-01,1.7110249981008234e+00,6.7038771874193004e-01,1.2961527859870179e+00,1.3975696183352873e+00,5.4145861073573420e-01,5.8987376033794836e-01,1.6982990878700068e+00,1.3138357638378464e+00
9.7964285541978846e-01,9.6240688517647310e-01,1.1458356768861986e+00,9.2176409414089666e-01,1.7110249981008234e+00,6.7038771874193004e-01,1.2961527859870179e+00,1.3975696183352873e+00,5.4145861073573420e-01,5.8887376033794836e-01,1.6992990878700067e+00,1.3138357638378464e+00
9.7964285541978846e-01,9.6240688517647310e-01,1.1458356768861986e+00,9.2176409414089666e-01,1.7110249981008234e+00,6.7038771874193004e-01,1.2961527859870179e+00,1.3975696183352873e+00,5.4145861073573420e-01,5.8887376033794836e-01,1.6982990878700068e+00,1.3148357638378463e+00
1.0646270118759225e+00,8.0969192151042857e-01,1.1269783690119759e+00,8.3567057708883152e-01,6.4012882576438013e-01,5.2772809183663416e-01,7.8624273722825810e-01,8.8492942823622367e-01,1.8201594885909631e+00,9.7664730063079253e-01,1.9722356793957840e+00,9.2957092204429037e-01
1.0656270118759223e+00,8.0969192151042857e-01,1.1269783690119759e+00,8.3567057708883152e-01,6.4012882576438013e-01,5.2772809183663416e-01,7.8624273722825810e-01,8.8492942823622367e-01,1.8201594885909631e+00,9.7664730063079253e-01,1.9722356793957840e+00,9.2957092204429037e-01
1.0646270118759225e+00,8.1069192151042857e-01,1.1269783690119759e+00,8.3567057708883152e-01,6.4012882576438013e-01,5.2772809183663416e-01,7.8624273722825810e-01,8.8492942823622367e-01,1.8201594885909631e+00,9.7664730063079253e-01,1.9722356793957840e+00,9.2957092204429037e-01
1.0646270118759225e+00,8.0969192151042857e-01,1.1279783690119758e+00,8.3567057708883152e-01,6.4012882576438013e-01,5.2772809183663416e-01,7.8624273722825810e-01,8.8492942823622367e-01,1.8201594885909631e+00,9.7664730063079253e-01,1.9722356793957840e+00,9.2957092204429037e-01
1.0646270118759225e+00,8.0969192151042857e-01,1.1269783690119759e+00,8.3667057708883152e-01,6.4012882576438013e-01,5.2772809183663416e-01,7.8624273722825810e-01,8.8492942823622367e-01,1.8201594885909631e+00,9.7664730063079253e-01,1.9722356793957840e+00,9.2957092204429037e-01
1.0646270118759225e+00,8.0969192151042857e-01,1.1269783690119759e+00,8.3567057708883152e-01,6.4112882576438013e-01,5.2772809183663416e-01,7.8624273722825810e-01,8.8492942823622367e-01,1.8201594885909631e+00,9.7664730063079253e-01,1.9722356793957840e+00,9.2957092204429037e-01
1.0646270118759225e+00,8.0969192151042857e-01,1.1269783690119759e+00,8.3567057708883152e-01,6.4012882576438013e-01,5.2872809183663416e-01,7.8624273722825810e-01,8.8492942823622367e-01,1.8201594885909631e+00,9.7664730063079253e-01,1.9722356793957840e+00,9.2957092204429037e-01
1.0646270118759225e+00,8.0969192151042857e-01,1.1269783690119759e+00,8.3567057708883152e-01,6.4012882576438013e-01,5.2772809183663416e-01,7.8724273722825810e-01,8.8492942823622367e-01,1.8201594885909631e+00,9.7664730063079253e-01,1.9722356793957840e+00,9.2957092204429037e-01
1.0646270118759225e+00,8.0969192151042857e-01,1.1269783690119759e+00,8.3567057708883152e-01,6.4012882576438013e-01,5.2772809183663416e-01,7.8624273722825810e-01,8.8592942823622367e-01,1.8201594885909631e+00,9.7664730063079253e-01,1.9722356793957840e+00,9.2957092204429037e-01
1.0646270118759225e+00,8.0969192151042857e-01,1.1269783690119759e+00,8.3567057708883152e-01,6.4012882576438013e-01,5.2772809183663416e-01,7.8624273722825810e-01,8.8492942823622367e-01,1.8211594885909630e+00,9.7664730063079253e-01,1.9722356793957840e+00,9.2957092204429037e-01
1.0646270118759225e+00,8.0969192151042857e-01,1.1269783690119759e+00,8.3567057708883152e-01,6.4012882576438013e-01,5.2772809183663416e-01,7.8624273722825810e-01,8.8492942823622367e-01,1.8201594885909631e+00,9.7764730063079253e-01,1.9722356793957840e+00,9.2957092204429037e-01
1.0646270118759225e+00,8.0969192151042857e-01,1.1269783690119759e+00,8.3567057708883152e-01,6.4012882576438013e-01,5.2772809183663416e-01,7.8624273722825810e-01,8.8492942823622367e-01,1.8201594885909631e+00,9.7664730063079253e-01,1.9732356793957839e+00,9.2957092204429037e-01
1.0646270118759225e+00,8.0969192151042857e-01,1.1269783690119759e+00,8.3567057708883152e-01,6.4012882576438013e-01,5.2772809183663416e-01,7.8624273722825810e-01,8.8492942823622367e-01,1.8201594885909631e+00,9.7664730063079253e-01,1.9722356793957840e+00,9.3057092204429037e-01
1.0289816293438092e+00,1.1485630738455810e+00,1.1910820151903567e+00,1.2959728466141969e+00,1.8060358299109720e+00,1.3459322531801217e+00,1.2736358931626603e+00,1.4677857082328019e+00,1.3977508176563989e+00,1.7210928704640596e+00,1.6867556982371592e+00,8.0030676843671356e-01
1.0299816293438091e+00,1.1485630738455810e+00,1.1910820151903567e+00,1.2959728466141969e+00,1.8060358299109720e+00,1.3459322531801217e+00,1.2736358931626603e+00,1.4677857082328019e+00,1.3977508176563989e+00,1.7210928704640596e+00,1.6867556982371592e+00,8.0030676843671356e-01
1.0289816293438092e+00,1.1495630738455809e+00,1.1910820151903567e+00,1.2959728466141969e+00,1.8060358299109720e+00,1.3459322531801217e+00,1.2736358931626603e+00,1.4677857082328019e+00,1.3977508176563989e+00,1.7210928704640596e+00,1.6867556982371592e+00,8.0030676843671356e-01
1.0289816293438092e+00,1.1485630738455810e+00,1.1920820151903566e+00,1.2959728466141969e+00,1.8060358299109720e+00,1.3459322531801217e+00,1.2736358931626603e+00,1.4677857082328019e+00,1.3977508176563989e+00,1.7210928704640596e+00,1.6867556982371592e+00,8.0030676843671356e-01
1.0289816293438092e+00,1.1485630738455810e+00,1.1910820151903567e+00,1.2969728466141968e+00,1.8060358299109720e+00,1.3459322531801217e+00,1.2736358931626603e+00,1.4677857082328019e+00,1.3977508176563989e+00,1.7210928704640596e+00,1.6867556982371592e+00,8.0030676843671356e-01
1.0289816293438092e+00,1.1485630738455810e+00,1.1910820151903567e+00,1.2959728466141969e+00,1.8070358299109719e+00,1.3459322531801217e+00,1.2736358931626603e+00,1.4677857082328019e+00,1.3977508176563989e+00,1.7210928704640596e+00,1.6867556982371592e+00,8.0030676843671356e-01
1.0289816293438092e+00,1.1485630738455810e+00,1.1910820151903567e+00,1.2959728466141969e+00,1.8060358299109720e+00,1.3469322531801216e+00,1.2736358931626603e+00,1.4677857082328019e+00,1.3977508176563989e+00,1.7210928704640596e+00,1.6867556982371592e+00,8.0030676843671356e-01
1.0289816293438092e+00,1.1485630738455810e+00,1.1910820151903567e+00,1.2959728466141969e+00,1.8060358299109720e+00,1.3459322531801217e+00,1.2746358931626602e+00,1.4677857082328019e+00,1.3977508176563989e+00,1.7210928704640596e+00,1.6867556982371592e+00,8.0030676843671356e-01
1.0289816293438092e+00,1.1485630738455810e+00,1.1910820151903567e+00,1.2959728466141969e+00,1.8060358299109720e+00,1.3459322531801217e+00,1.2736358931626603e+00,1.4687857082328017e+00,1.3977508176563989e+00,1.7210928704640596e+00,1.6867556982371592e+00,8.0030676843671356e-01
1.0289816293438092e+00,1.1485630738455810e+00,1.1910820151903567e+00,1.2959728466141969e+00,1.8060358299109720e+00,1.3459322531801217e+00,1.2736358931626603e+00,1.4677857082328019e+00,1.3987508176563987e+00,1.7210928704640596e+00,1.6867556982371592e+00,8.0030676843671356e-01
1.0289816293438092e+00,1.1485630738455810e+00,1.1910820151903567e+00,1.2959728466141969e+00,1.8060358299109720e+00,1.3459322531801217e+00,1.2736358931626603e+00,1.4677857082328019e+00,1.3977508176563989e+00,1.7220928704640595e+00,1.6867556982371592e+00,8.0030676843671356e-01
1.0289816293438092e+00,1.1485630738455810e+00,1.1910820151903567e+00,1.2959728466141969e+00,1.8060358299109720e+00,1.3459322531801217e+00,1.2736358931626603e+00,1.4677857082328019e+00,1.3977508176563989e+00,1.7210928704640596e+00,1.6877556982371591e+00,8.0030676843671356e-01
1.0289816293438092e+00,1.1485630738455810e+00,1.1910820151903567e+00,1.2959728466141969e+00,1.8060358299109720e+00,1.3459322531801217e+00,1.2736358931626603e+00,1.4677857082328019e+00,1.3977508176563989e+00,1.7210928704640596e+00,1.6867556982371592e+00,8.0130676843671356e-01
1.0171260155080231e+00,1.1477180013439321e+00,9.8355943956604763e-01,9.3720435089893206e-01,9.7299725421255623e-01,9.4100441936790680e-01,9.7726889111223714e-01,9.5931336521224697e-01,1.0313590640387129e+00,1.1617485485584367e+00,1.3753675377994488e+00,1.0257218649224991e+00
1.0181260155080230e+00,1.1477180013439321e+00,9.8355943956604763e-01,9.3720435089893206e-01,9.7299725421255623e-01,9.4100441936790680e-01,9.7726889111223714e-01,9.5931336521224697e-01,1.0313590640387129e+00,1.1617485485584367e+00,1.3753675377994488e+00,1.0257218649224991e+00
1.0171260155080231e+00,1.1487180013439320e+00,9.8355943956604763e-01,9.3720435089893206e-01,9.7299725421255623e-01,9.4100441936790680e-01,9.7726889111223714e-01,9.5931336521224697e-01,1.0313590640387129e+00,1.1617485485584367e+00,1.3753675377994488e+00,1.0257218649224991e+00
1.0171260155080231e+00,1.1477180013439321e+00,9.8455943956604763e-01,9.3720435089893206e-01,9.7299725421255623e-01,9.4100441936790680e-01,9.7726889111223714e-01,9.5931336521224697e-01,1.0313590640387129e+00,1.1617485485584367e+00,1.3753675377994488e+00,1.0257218649224991e+00
1.0171260155080231e+00,1.1477180013439321e+00,9.8355943956604763e-01,9.3820435089893206e-01,9.7299725421255623e-01,9.4100441936790680e-01,9.7726889111223714e-01,9.5931336521224697e-01,1.0313590640387129e+00,1.1617485485584367e+00,1.3753675377994488e+00,1.0257218649224991e+00
1.0171260155080231e+00,1.1477180013439321e+00,9.8355943956604763e-01,9.3720435089893206e-01,9.7399725421255623e-01,9.4100441936790680e-01,9.7726889111223714e-01,9.5931336521224697e-01,1.0313590640387129e+00,1.1617485485584367e+00,1.3753675377994488e+00,1.0257218649224991e+00
1.0171260155080231e+00,1.1477180013439321e+00,9.8355943956604763e-01,9.3720435089893206e-01,9.7299725421255623e-01,9.4200441936790680e-01,9.7726889111223714e-01,9.5931336521224697e-01,1.0313590640387129e+00,1.1617485485584367e+00,1.3753675377994488e+00,1.0257218649224991e+00
1.0171260155080231e+00,1.1477180013439321e+00,9.8355943956604763e-01,9.3720435089893206e-01,9.7299725421255623e-01,9.4100441936790680e-01,9.7826889111223714e-01,9.5931336521224697e-01,1.0313590640387129e+00,1.1617485485584367e+00,1.3753675377994488e+00,1.0257218649224991e+00
1.0171260155080231e+00,1.1477180013439321e+00,9.8355943956604763e-01,9.3720435089893206e-01,9.7299725421255623e-01,9.4100441936790680e-01,9.7726889111223714e-01,9.6031336521224697e-01,1.0313590640387129e+00,1.1617485485584367e+00,1.3753675377994488e+00,1.0257218649224991e+00
1.0171260155080231e+00,1.1477180013439321e+00,9.8355943956604763e-01,9.3720435089893206e-01,9.7299725421255623e-01,9.4100441936790680e-01,9.7726889111223714e-01,9.5931336521224697e-01,1.0323590640387128e+00,1.1617485485584367e+00,1.3753675377994488e+00,1.0257218649224991e+00
1.0171260155080231e+00,1.1477180013439321e+00,9.8355943956604763e-01,9.3720435089893206e-01,9.7299725421255623e-01,9.4100441936790680e-01,9.7726889111223714e-01,9.5931336521224697e-01,1.0313590640387129e+00,1.1627485485584366e+00,1.3753675377994488e+00,1.0257218649224991e+00
1.0171260155080231e+00,1.1477180013439321e+00,9.8355943956604763e-01,9.3720435089893206e-01,9.7299725421255623e-01,9.4100441936790680e-01,9.7726889111223714e-01,9.5931336521224697e-01,1.0313590640387129e+00,1.1617485485584367e+00,1.3763675377994486e+00,1.0257218649224991e+00
1.0171260155080231e+00,1.1477180013439321e+00,9.8355943956604763e-01,9.3720435089893206e-01,9.7299725421255623e-01,9.4100441936790680e-01,9.7726889111223714e-01,9.5931336521224697e-01,1.0313590640387129e+00,1.1617485485584367e+00,1.3753675377994488e+00,1.0267218649224990e+00
1.0226836710425076e+00,8.3533497773354792e-01,9.1407214439980322e-01,1.1347473955371403e+00,2.3560417317125197e+00,5.0091547984500939e-01,1.2152752952603461e+00,1.3303715896555057e+00,8.5226458911712255e-01,1.6301219869761776e+00,9.0079158510954227e-01,1.2735875832145547e+00
1.0236836710425075e+00,8.3533497773354792e-01,9.1407214439980322e-01,1.1347473955371403e+00,2.3560417317125197e+00,5.0091547984500939e-01,1.2152752952603461e+00,1.3303715896555057e+00,8.5226458911712255e-01,1.6301219869761776e+00,9.0079158510954227e-01,1.2735875832145547e+00
1.0226836710425076e+00,8.3633497773354792e-01,9.1407214439980322e-01,1.1347473955371403e+00,2.3560417317125197e+00,5.0091547984500939e-01,1.2152752952603461e+00,1.3303715896555057e+00,8.5226458911712255e-01,1.6301219869761776e+00,9.0079158510954227e-01,1.2735875832145547e+00
1.0226836710425076e+00,8.3533497773354792e-01,9.1507214439980322e-01,1.1347473955371403e+00,2.3560417317125197e+00,5.0091547984500939e-01,1.2152752952603461e+00,1.3303715896555057e+00,8.5226458911712255e-01,1.6301219869761776e+00,9.0079158510954227e-01,1.2735875832145547e+00
1.0226836710425076e+00,8.3533497773354792e-01,9.1407214439980322e-01,1.1357473955371402e+00,2.3560417317125197e+00,5.0091547984500939e-01,1.2152752952603461e+00,1.3303715896555057e+00,8.5226458911712255e-01,1.6301219869761776e+00,9.0079158510954227e-01,1.2735875832145547e+00
1.0226836710425076e+00,8.3533497773354792e-01,9.1407214439980322e-01,1.1347473955371403e+00,2.3570417317125196e+00,5.0091547984500939e-01,1.2152752952603461e+00,1.3303715896555057e+00,8.5226458911712255e-01,1.6301219869761776e+00,9.0079158510954227e-01,1.2735875832145547e+00
1.0226836710425076e+00,8.3533497773354792e-01,9.1407214439980322e-01,1.1347473955371403e+00,2.3560417317125197e+00,5.0191547984500939e-01,1.2152752952603461e+00,1.3303715896555057e+00,8.5226458911712255e-01,1.6301219869761776e+00,9.0079158510954227e-01,1.2735875832145547e+00
1.0226836710425076e+00,8.3533497773354792e-01,9.1407214439980322e-01,1.1347473955371403e+00,2.3560417317125197e+00,5.0091547984500939e-01,1.2162752952603459e+00,1.3303715896555057e+00,8.5226458911712255e-01,1.6301219869761776e+00,9.0079158510954227e-01,1.2735875832145547e+00
1.0226836710425076e+00,8.3533497773354792e-01,9.1407214439980322e-01,1.1347473955371403e+00,2.3560417317125197e+00,5.0091547984500939e-01,1.2152752952603461e+00,1.3313715896555056e+00,8.5226458911712255e-01,1.6301219869761776e+00,9.0079158510954227e-01,1.2735875832145547e+00
1.0226836710425076e+00,8.3533497773354792e-01,9.1407214439980322e-01,1.1347473955371403e+00,2.3560417317125197e+00,5.0091547984500939e-01,1.2152752952603461e+00,1.3303715896555057e+00,8.5326458911712255e-01,1.6301219869761776e+00,9.0079158510954227e-01,1.2735875832145547e+00
1.0226836710425076e+00,8.3533497773354792e-01,9.1407214439980322e-01,1.1347473955371403e+00,2.3560417317125197e+00,5.0091547984500939e-01,1.2152752952603461e+00,1.3303715896555057e+00,8.5226458911712255e-01,1.6311219869761775e+00,9.0079158510954227e-01,1.2735875832145547e+00
1.0226836710425076e+00,8.3533497773354792e-01,9.1407214439980322e-01,1.1347473955371403e+00,2.3560417317125197e+00,5.0091547984500939e-01,1.2152752952603461e+00,1.3303715896555057e+00,8.5226458911712255e-01,1.6301219869761776e+00,9.0179158510954227e-01,1.2735875832145547e+00
1.0226836710425076e+00,8.3533497773354792e-01,9.1407214439980322e-01,1.1347473955371403e+00,2.3560417317125197e+00,5.0091547984500939e-01,1.2152752952603461e+00,1.3303715896555057e+00,8.5226458911712255e-01,1.6301219869761776e+00,9.0079158510954227e-01,1.2745875832145546e+00
9.6480667091125083e-01,1.1432529367985991e+00,1.1877684549535679e+00,1.1066436986658525e+00,2.4499709213658929e+00,1.8101499276753563e+00,8.7916901849677420e-01,1.6797729979072131e+00,1.2333521266227210e+00,1.2594966778365648e+00,1.9749359725337861e+00,1.7824272990338366e+00
9.6580667091125083e-01,1.1432529367985991e+00,1.1877684549535679e+00,1.1066436986658525e+00,2.4499709213658929e+00,1.8101499276753563e+00,8.7916901849677420e-01,1.6797729979072131e+00,1.2333521266227210e+00,1.2594966778365648e+00,1.9749359725337861e+00,1.7824272990338366e+00
9.6480667091125083e-01,1.1442529367985990e+00,1.1877684549535679e+00,1.1066436986658525e+00,2.4499709213658929e+00,1.8101499276753563e+00,8.7916901849677420e-01,1.6797729979072131e+00,1.2333521266227210e+00,1.2594966778365648e+00,1.9749359725337861e+00,1.7824272990338366e+00
9.6480667091125083e-01,1.1432529367985991e+00,1.1887684549535678e+00,1.1066436986658525e+00,2.4499709213658929e+00,1.8101499276753563e+00,8.7916901849677420e-01,1.6797729979072131e+00,1.2333521266227210e+00,1.2594966778365648e+00,1.9749359725337861e+00,1.7824272990338366e+00
9.6480667091125083e-01,1.1432529367985991e+00,1.1877684549535679e+00,1.1076436986658524e+00,2.4499709213658929e+00,1.8101499276753563e+00,8.7916901849677420e-01,1.6797729979072131e+00,1.2333521266227210e+00,1.2594966778365648e+00,1.9749359725337861e+00,1.7824272990338366e+00
9.6480667091125083e-01,1.1432529367985991e+00,1.1877684549535679e+00,1.1066436986658525e+00,2.4509709213658928e+00,1.8101499276753563e+00,8.7916901849677420e-01,1.6797729979072131e+00,1.2333521266227210e+00,1.2594966778365648e+00,1.9749359725337861e+00,1.7824272990338366e+00
9.6480667091125083e-01,1.1432529367985991e+00,1.1877684549535679e+00,1.1066436986658525e+00,2.4499709213658929e+00,1.8111499276753562e+00,8.7916901849677420e-01,1.6797729979072131e+00,1.2333521266227210e+00,1.2594966778365648e+00,1.9749359725337861e+00,1.7824272990338366e+00
9.6480667091125083e-01,1.1432529367985991e+00,1.1877684549535679e+00,1.1066436986658525e+00,2.4499709213658929e+00,1.8101499276753563e+00,8.8016901849677420e-01,1.6797729979072131e+00,1.2333521266227210e+00,1.2594966778365648e+00,1.9749359725337861e+00,1.7824272990338366e+00
9.6480667091125083e-01,1.1432529367985991e+00,1.1877684549535679e+00,1.1066436986658525e+00,2.4499709213658929e+00,1.8101499276753563e+00,8.7916901849677420e-01,1.6807729979072130e+00,1.2333521266227210e+00,1.2594966778365648e+00,1.9749359725337861e+00,1.7824272990338366e+00
9.6480667091125083e-01,1.1432529367985991e+00,1.1877684549535679e+00,1.1066436986658525e+00,2.4499709213658929e+00,1.8101499276753563e+00,8.7916901849677420e-01,1.6797729979072131e+00,1.2343521266227209e+00,1.2594966778365648e+00,1.9749359725337861e+00,1.7824272990338366e+00
9.6480667091125083e-01,1.1432529367985991e+00,1.1877684549535679e+00,1.1066436986658525e+00,2.4499709213658929e+00,1.8101499276753563e+00,8.7916901849677420e-01,1.6797729979072131e+00,1.2333521266227210e+00,1.2604966778365647e+00,1.9749359725337861e+00,1.7824272990338366e+00
9.6480667091125083e-01,1.1432529367985991e+00,1.1877684549535679e+00,1.1066436986658525e+00,2.4499709213658929e+00,1.8101499276753563e+00,8.7916901849677420e-01,1.6797729979072131e+00,1.2333521266227210e+00,1.2594966778365648e+00,1.9759359725337859e+00,1.7824272990338366e+00
9.6480667091125083e-01,1.1432529367985991e+00,1.1877684549535679e+00,1.1066436986658525e+00,2.4499709213658929e+00,1.8101499276753563e+00,8.7916901849677420e-01,1.6797729979072131e+00,1.2333521266227210e+00,1.2594966778365648e+00,1.9749359725337861e+00,1.7834272990338365e+00
9.9337400258776931e-01,1.1134319203490046e+00,9.9305261309082615e-01,7.8374766720792399e-01,4.1289137369097001e-01,1.7630176110937366e+00,9.8356149141487959e-01,1.6013698737353264e+00,5.3177005090683349e-01,6.7301261876046459e-01,7.8614719976448233e-01,1.3634266497774972e+00
9.9437400258776931e-01,1.1134319203490046e+00,9.9305261309082615e-01,7.8374766720792399e-01,4.1289137369097001e-01,1.7630176110937366e+00,9.8356149141487959e-01,1.6013698737353264e+00,5.3177005090683349e-01,6.7301261876046459e-01,7.8614719976448233e-01,1.3634266497774972e+00
9.9337400258776931e-01,1.1144319203490045e+00,9.9305261309082615e-01,7.8374766720792399e-01,4.1289137369097001e-01,1.7630176110937366e+00,9.8356149141487959e-01,1.6013698737353264e+00,5.3177005090683349e-01,6.7301261876046459e-01,7.8614719976448233e-01,1.3634266497774972e+00
9.9337400258776931e-01,1.1134319203490046e+00,9.9405261309082615e-01,7.8374766720792399e-01,4.1289137369097001e-01,1.7630176110937366e+00,9.8356149141487959e-01,1.6013698737353264e+00,5.3177005090683349e-01,6.7301261876046459e-01,7.8614719976448233e-01,1.3634266497774972e+00
9.9337400258776931e-01,1.1134319203490046e+00,9.9305261309082615e-01,7.8474766720792399e-01,4.1289137369097001e-01,1.7630176110937366e+00,9.8356149141487959e-01,1.6013698737353264e+00,5.3177005090683349e-01,6.7301261876046459e-01,7.8614719976448233e-01,1.3634266497774972e+00
9.9337400258776931e-01,1.1134319203490046e+00,9.9305261309082615e-01,7.8374766720792399e-01,4.1389137369097001e-01,1.7630176110937366e+00,9.8356149141487959e-01,1.6013698737353264e+00,5.3177005090683349e-01,6.7301261876046459e-01,7.8614719976448233e-01,1.3634266497774972e+00
9.9337400258776931e-01,1.1134319203490046e+00,9.9305261309082615e-01,7.8374766720792399e-01,4.1289137369097001e-01,1.7640176110937364e+00,9.8356149141487959e-01,1.6013698737353264e+00,5.3177005090683349e-01,6.7301261876046459e-01,7.8614719976448233e-01,1.3634266497774972e+00
9.9337400258776931e-01,1.1134319203490046e+00,9.9305261309082615e-01,7.8374766720792399e-01,4.1289137369097001e-01,1.7630176110937366e+00,9.8456149141487959e-01,1.6013698737353264e+00,5.3177005090683349e-01,6.7301261876046459e-01,7.8614719976448233e-01,1.3634266497774972e+00
9.9337400258776931e-01,1.1134319203490046e+00,9.9305261309082615e-01,7.8374766720792399e-01,4.1289137369097001e-01,1.7630176110937366e+00,9.8356149141487959e-01,1.6023698737353262e+00,5.3177005090683349e-01,6.7301261876046459e-01,7.8614719976448233e-01,1.3634266497774972e+00
9.9337400258776931e-01,1.1134319203490046e+00,9.9305261309082615e-01,7.8374766720792399e-01,4.1289137369097001e-01,1.7630176110937366e+00,9.8356149141487959e-01,1.6013698737353264e+00,5.3277005090683349e-01,6.7301261876046459e-01,7.8614719976448233e-01,1.3634266497774972e+00
9.9337400258776931e-01,1.1134319203490046e+00,9.9305261309082615e-01,7.8374766720792399e-01,4.1289137369097001e-01,1.7630176110937366e+00,9.8356149141487959e-01,1.6013698737353264e+00,5.3177005090683349e-01,6.7401261876046459e-01,7.8614719976448233e-01,1.3634266497774972e+00
9.9337400258776931e-01,1.1134319203490046e+00,9.9305261309082615e-01,7.8374766720792399e-01,4.1289137369097001e-01,1.7630176110937366e+00,9.8356149141487959e-01,1.6013698737353264e+00,5.3177005090683349e-01,6.7301261876046459e-01,7.8714719976448233e-01,1.3634266497774972e+00
9.9337400258776931e-01,1.1134319203490046e+00,9.9305261309082615e-01,7.8374766720792399e-01,4.1289137369097001e-01,1.7630176110937366e+00,9.8356149141487959e-01,1.6013698737353264e+00,5.3177005090683349e-01,6.7301261876046459e-01,7.8614719976448233e-01,1.3644266497774971e+00
1.0970952533376799e+00,8.2607606824491042e-01,9.8020787452976765e-01,9.0349260722758507e-01,5.1534453145533088e-01,1.8204983385886302e+00,1.1715217992510576e+00,1.1983813265296819e+00,6.7209098217109275e-01,1.9255452809175706e+00,1.8831575108633727e+00,1.1775846573931952e+00
1.0980952533376798e+00,8.2607606824491042e-01,9.8020787452976765e-01,9.0349260722758507e-01,5.1534453145533088e-01,1.8204983385886302e+00,1.1715217992510576e+00,1.1983813265296819e+00,6.7209098217109275e-01,1.9255452809175706e+00,1.8831575108633727e+00,1.1775846573931952e+00
1.0970952533376799e+00,8.2707606824491042e-01,9.8020787452976765e-01,9.0349260722758507e-01,5.1534453145533088e-01,1.8204983385886302e+00,1.1715217992510576e+00,1.1983813265296819e+00,6.7209098217109275e-01,1.9255452809175706e+00,1.8831575108633727e+00,1.1775846573931952e+00
1.0970952533376799e+00,8.2607606824491042e-01,9.8120787452976765e-01,9.0349260722758507e-01,5.1534453145533088e-01,1.8204983385886302e+00,1.1715217992510576e+00,1.1983813265296819e+00,6.7209098217109275e-01,1.9255452809175706e+00,1.8831575108633727e+00,1.1775846573931952e+00
1.0970952533376799e+00,8.2607606824491042e-01,9.8020787452976765e-01,9.0449260722758507e-01,5.1534453145533088e-01,1.8204983385886302e+00,1.1715217992510576e+00,1.1983813265296819e+00,6.7209098217109275e-01,1.9255452809175706e+00,1.8831575108633727e+00,1.1775846573931952e+00
1.0970952533376799e+00,8.2607606824491042e-01,9.8020787452976765e-01,9.0349260722758507e-01,5.1634453145533088e-01,1.8204983385886302e+00,1.1715217992510576e+00,1.1983813265296819e+00,6.7209098217109275e-01,1.9255452809175706e+00,1.8831575108633727e+00,1.1775846573931952e+00
1.0970952533376799e+00,8.2607606824491042e-01,9.8020787452976765e-01,9.0349260722758507e-01,5.1534453145533088e-01,1.8214983385886301e+00,1.1715217992510576e+00,1.1983813265296819e+00,6.7209098217109275e-01,1.9255452809175706e+00,1.8831575108633727e+00,1.1775846573931952e+00
1.0970952533376799e+00,8.2607606824491042e-01,9.8020787452976765e-01,9.0349260722758507e-01,5.1534453145533088e-01,1.8204983385886302e+00,1.1725217992510575e+00,1.1983813265296819e+00,6.7209098217109275e-01,1.9255452809175706e+00,1.8831575108633727e+00,1.1775846573931952e+00
1.0970952533376799e+00,8.2607606824491042e-01,9.8020787452976765e-01,9.0349260722758507e-01,5.1534453145533088e-01,1.8204983385886302e+00,1.1715217992510576e+00,1.1993813265296818e+00,6.7209098217109275e-01,1.9255452809175706e+00,1.8831575108633727e+00,1.1775846573931952e+00
1.0970952533376799e+00,8.2607606824491042e-01,9.8020787452976765e-01,9.0349260722758507e-01,5.1534453145533088e-01,1.8204983385886302e+00,1.1715217992510576e+00,1.1983813265296819e+00,6.7309098217109276e-01,1.9255452809175706e+00,1.8831575108633727e+00,1.1775846573931952e+00
1.0970952533376799e+00,8.2607606824491042e-01,9.8020787452976765e-01,9.0349260722758507e-01,5.1534453145533088e-01,1.8204983385886302e+00,1.1715217992510576e+00,1.1983813265296819e+00,6.7209098217109275e-01,1.9265452809175705e+00,1.8831575108633727e+00,1.1775846573931952e+00
1.0970952533376799e+00,8.2607606824491042e-01,9.8020787452976765e-01,9.0349260722758507e-01,5.1534453145533088e-01,1.8204983385886302e+00,1.1715217992510576e+00,1.1983813265296819e+00,6.7209098217109275e-01,1.9255452809175706e+00,1.8841575108633726e+00,1.1775846573931952e+00
1.0970952533376799e+00,8.2607606824491042e-01,9.8020787452976765e-01,9.0349260722758507e-01,5.1534453145533088e-01,1.8204983385886302e+00,1.1715217992510576e+00,1.1983813265296819e+00,6.7209098217109275e-01,1.9255452809175706e+00,1.8831575108633727e+00,1.1785846573931951e+00
1.0587722986731716e+00,9.2258702893571876e-01,1.1658427491411558e+00,1.1398073117181173e+00,4.0757959523993931e-01,1.0840907997040028e+00,1.1600145697170228e+00,1.3752266759754457e+00,9.9333570861006004e-01,1.3973242388470850e+00,1.6325521607406617e+00,1.4717118725957845e+00
1.0597722986731715e+00,9.2258702893571876e-01,1.1658427491411558e+00,1.1398073117181173e+00,4.0757959523993931e-01,1.0840907997040028e+00,1.1600145697170228e+00,1.3752266759754457e+00,9.9333570861006004e-01,1.3973242388470850e+00,1.6325521607406617e+00,1.4717118725957845e+00
1.0587722986731716e+00,9.2358702893571876e-01,1.1658427491411558e+00,1.1398073117181173e+00,4.0757959523993931e-01,1.0840907997040028e+00,1.1600145697170228e+00,1.3752266759754457e+00,9.9333570861006004e-01,1.3973242388470850e+00,1.6325521607406617e+00,1.4717118725957845e+00
1.0587722986731716e+00,9.2258702893571876e-01,1.1668427491411557e+00,1.1398073117181173e+00,4.0757959523993931e-01,1.0840907997040028e+00,1.1600145697170228e+00,1.3752266759754457e+00,9.9333570861006004e-01,1.3973242388470850e+00,1.6325521607406617e+00,1.4717118725957845e+00
1.0587722986731716e+00,9.2258702893571876e-01,1.1658427491411558e+00,1.1408073117181172e+00,4.0757959523993931e-01,1.0840907997040028e+00,1.1600145697170228e+00,1.3752266759754457e+00,9.9333570861006004e-01,1.3973242388470850e+00,1.6325521607406617e+00,1.4717118725957845e+00
1.0587722986731716e+00,9.2258702893571876e-01,1.1658427491411558e+00,1.1398073117181173e+00,4.0857959523993931e-01,1.0840907997040028e+00,1.1600145697170228e+00,1.3752266759754457e+00,9.9333570861006004e-01,1.3973242388470850e+00,1.6325521607406617e+00,1.4717118725957845e+00
1.0587722986731716e+00,9.2258702893571876e-01,1.1658427491411558e+00,1.1398073117181173e+00,4.0757959523993931e-01,1.0850907997040027e+00,1.1600145697170228e+00,1.3752266759754457e+00,9.9333570861006004e-01,1.3973242388470850e+00,1.6325521607406617e+00,1.4717118725957845e+00
1.0587722986731716e+00,9.2258702893571876e-01,1.1658427491411558e+00,1.1398073117181173e+00,4.0757959523993931e-01,1.0840907997040028e+00,1.1610145697170227e+00,1.3752266759754457e+00,9.9333570861006004e-01,1.3973242388470850e+00,1.6325521607406617e+00,1.4717118725957845e+00
1.0587722986731716e+00,9.2258702893571876e-01,1.1658427491411558e+00,1.1398073117181173e+00,4.0757959523993931e-01,1.0840907997040028e+00,1.1600145697170228e+00,1.3762266759754456e+00,9.9333570861006004e-01,1.3973242388470850e+00,1.6325521607406617e+00,1.4717118725957845e+00
1.0587722986731716e+00,9.2258702893571876e-01,1.1658427491411558e+00,1.1398073117181173e+00,4.0757959523993931e-01,1.0840907997040028e+00,1.1600145697170228e+00,1.3752266759754457e+00,9.9433570861006004e-01,1.3973242388470850e+00,1.6325521607406617e+00,1.4717118725957845e+00
1.0587722986731716e+00,9.2258702893571876e-01,1.1658427491411558e+00,1.1398073117181173e+00,4.0757959523993931e-01,1.0840907997040028e+00,1.1600145697170228e+00,1.3752266759754457e+00,9.9333570861006004e-01,1.3983242388470849e+00,1.6325521607406617e+00,1.4717118725957845e+00
1.0587722986731716e+00,9.2258702893571876e-01,1.1658427491411558e+00,1.1398073117181173e+00,4.0757959523993931e-01,1.0840907997040028e+00,1.1600145697170228e+00,1.3752266759754457e+00,9.9333570861006004e-01,1.3973242388470850e+00,1.6335521607406616e+00,1.4717118725957845e+00
1.0587722986731716e+00,9.2258702893571876e-01,1.1658427491411558e+00,1.1398073117181173e+00,4.0757959523993931e-01,1.0840907997040028e+00,1.1600145697170228e+00,1.3752266759754457e+00,9.9333570861006004e-01,1.3973242388470850e+00,1.6325521607406617e+00,1.4727118725957844e+00
9.6700038536614308e-01,1.2190331513160186e+00,9.0384137279447485e-01,1.1649286296392976e+00,2.2308778585182751e+00,1.6216865577284474e+00,1.0149157979341090e+00,7.4379412219309415e-01,1.4786104164189122e+00,1.0143177011202236e+00,5.8544617540997201e-01,8.0904000079131955e-01
9.6800038536614308e-01,1.2190331513160186e+00,9.0384137279447485e-01,1.1649286296392976e+00,2.2308778585182751e+00,1.6216865577284474e+00,1.0149157979341090e+00,7.4379412219309415e-01,1.4786104164189122e+00,1.0143177011202236e+00,5.8544617540997201e-01,8.0904000079131955e-01
9.6700038536614308e-01,1.2200331513160185e+00,9.0384137279447485e-01,1.1649286296392976e+00,2.2308778585182751e+00,1.6216865577284474e+00,1.0149157979341090e+00,7.4379412219309415e-01,1.4786104164189122e+00,1.0143177011202236e+00,5.8544617540997201e-01,8.0904000079131955e-01
9.6700038536614308e-01,1.2190331513160186e+00,9.0484137279447485e-01,1.1649286296392976e+00,2.2308778585182751e+00,1.6216865577284474e+00,1.0149157979341090e+00,7.4379412219309415e-01,1.4786104164189122e+00,1.0143177011202236e+00,5.8544617540997201e-01,8.0904000079131955e-01
9.6700038536614308e-01,1.2190331513160186e+00,9.0384137279447485e-01,1.1659286296392974e+00,2.2308778585182751e+00,1.6216865577284474e+00,1.0149157979341090e+00,7.4379412219309415e-01,1.4786104164189122e+00,1.0143177011202236e+00,5.8544617540997201e-01,8.0904000079131955e-01
9.6700038536614308e-01,1.2190331513160186e+00,9.0384137279447485e-01,1.1649286296392976e+00,2.2318778585182750e+00,1.6216865577284474e+00,1.0149157979341090e+00,7.4379412219309415e-01,1.4786104164189122e+00,1.0143177011202236e+00,5.8544617540997201e-01,8.0904000079131955e-01
9.6700038536614308e-01,1.2190331513160186e+00,9.0384137279447485e-01,1.1649286296392976e+00,2.2308778585182751e+00,1.6226865577284473e+00,1.0149157979341090e+00,7.4379412219309415e-01,1.4786104164189122e+00,1.0143177011202236e+00,5.8544617540997201e-01,8.0904000079131955e-01
9.6700038536614308e-01,1.2190331513160186e+00,9.0384137279447485e-01,1.1649286296392976e+00,2.2308778585182751e+00,1.6216865577284474e+00,1.0159157979341089e+00,7.4379412219309415e-01,1.4786104164189122e+00,1.0143177011202236e+00,5.8544617540997201e-01,8.0904000079131955e-01
9.6700038536614308e-01,1.2190331513160186e+00,9.0384137279447485e-01,1.1649286296392976e+00,2.2308778585182751e+00,1.6216865577284474e+00,1.0149157979341090e+00,7.4479412219309415e-01,1.4786104164189122e+00,1.0143177011202236e+00,5.8544617540997201e-01,8.0904000079131955e-01
9.6700038536614308e-01,1.2190331513160186e+00,9.0384137279447485e-01,1.1649286296392976e+00,2.2308778585182751e+00,1.6216865577284474e+00,1.0149157979341090e+00,7.4379412219309415e-01,1.4796104164189121e+00,1.0143177011202236e+00,5.8544617540997201e-01,8.0904000079131955e-01
9.6700038536614308e-01,1.2190331513160186e+00,9.0384137279447485e-01,1.1649286296392976e+00,2.2308778585182751e+00,1.6216865577284474e+00,1.0149157979341090e+00,7.4379412219309415e-01,1.4786104164189122e+00,1.0153177011202235e+00,5.8544617540997201e-01,8.0904000079131955e-01
9.6700038536614308e-01,1.2190331513160186e+00,9.0384137279447485e-01,1.1649286296392976e+00,2.2308778585182751e+00,1.6216865577284474e+00,1.0149157979341090e+00,7.4379412219309415e-01,1.4786104164189122e+00,1.0143177011202236e+00,5.8644617540997201e-01,8.0904000079131955e-01
9.6700038536614308e-01,1.2190331513160186e+00,9.0384137279447485e-01,1.1649286296392976e+00,2.2308778585182751e+00,1.6216865577284474e+00,1.0149157979341090e+00,7.4379412219309415e-01,1.4786104164189122e+00,1.0143177011202236e+00,5.8544617540997201e-01,8.1004000079131955e-01
9.1620549339170343e-01,8.9137701361868038e-01,9.7681103743785869e-01,1.1467899886490289e+00,7.0684429798119408e-01,1.4744449624243785e+00,7.8146905226490682e-01,1.9754189372051434e+00,1.1230055715975620e+00,8.0085522633125594e-01,1.4997294088796851e+00,1.6479106762762417e+00
9.1720549339170343e-01,8.9137701361868038e-01,9.7681103743785869e-01,1.1467899886490289e+00,7.0684429798119408e-01,1.4744449624243785e+00,7.8146905226490682e-01,1.9754189372051434e+00,1.1230055715975620e+00,8.0085522633125594e-01,1.4997294088796851e+00,1.6479106762762417e+00
9.1620549339170343e-01,8.9237701361868038e-01,9.7681103743785869e-01,1.1467899886490289e+00,7.0684429798119408e-01,1.4744449624243785e+00,7.8146905226490682e-01,1.9754189372051434e+00,1.1230055715975620e+00,8.0085522633125594e-01,1.4997294088796851e+00,1.6479106762762417e+00
9.1620549339170343e-01,8.9137701361868038e-01,9.7781103743785869e-01,1.1467899886490289e+00,7.0684429798119408e-01,1.4744449624243785e+00,7.8146905226490682e-01,1.9754189372051434e+00,1.1230055715975620e+00,8.0085522633125594e-01,1.4997294088796851e+00,1.6479106762762417e+00
9.1620549339170343e-01,8.9137701361868038e-01,9.7681103743785869e-01,1.1477899886490288e+00,7.0684429798119408e-01,1.4744449624243785e+00,7.8146905226490682e-01,1.9754189372051434e+00,1.1230055715975620e+00,8.0085522633125594e-01,1.4997294088796851e+00,1.6479106762762417e+00
9.1620549339170343e-01,8.9137701361868038e-01,9.7681103743785869e-01,1.1467899886490289e+00,7.0784429798119408e-01,1.4744449624243785e+00,7.8146905226490682e-01,1.9754189372051434e+00,1.1230055715975620e+00,8.0085522633125594e-01,1.4997294088796851e+00,1.6479106762762417e+00
9.1620549339170343e-01,8.9137701361868038e-01,9.7681103743785869e-01,1.1467899886490289e+00,7.0684429798119408e-01,1.4754449624243784e+00,7.8146905226490682e-01,1.9754189372051434e+00,1.1230055715975620e+00,8.0085522633125594e-01,1.4997294088796851e+00,1.6479106762762417e+00
9.1620549339170343e-01,8.9137701361868038e-01,9.7681103743785869e-01,1.1467899886490289e+00,7.0684429798119408e-01,1.4744449624243785e+00,7.8246905226490682e-01,1.9754189372051434e+00,1.1230055715975620e+00,8.0085522633125594e-01,1.4997294088796851e+00,1.6479106762762417e+00
9.1620549339170343e-01,8.9137701361868038e-01,9.7681103743785869e-01,1.1467899886490289e+00,7.0684429798119408e-01,1.4744449624243785e+00,7.8146905226490682e-01,1.9764189372051433e+00,1.1230055715975620e+00,8.0085522633125594e-01,1.4997294088796851e+00,1.6479106762762417e+00
9.1620549339170343e-01,8.9137701361868038e-01,9.7681103743785869e-01,1.1467899886490289e+00,7.0684429798119408e-01,1.4744449624243785e+00,7.8146905226490682e-01,1.9754189372051434e+00,1.1240055715975619e+00,8.0085522633125594e-01,1.4997294088796851e+00,1.6479106762762417e+00
9.1620549339170343e-01,8.9137701361868038e-01,9.7681103743785869e-01,1.1467899886490289e+00,7.0684429798119408e-01,1.4744449624243785e+00,7.8146905226490682e-01,1.9754189372051434e+00,1.1230055715975620e+00,8.0185522633125594e-01,1.4997294088796851e+00,1.6479106762762417e+00
9.1620549339170343e-01,8.9137701361868038e-01,9.7681103743785869e-01,1.1467899886490289e+00,7.0684429798119408e-01,1.4744449624243785e+00,7.8146905226490682e-01,1.9754189372051434e+00,1.1230055715975620e+00,8.0085522633125594e-01,1.5007294088796850e+00,1.6479106762762417e+00
9.1620549339170343e-01,8.9137701361868038e-01,9.7681103743785869e-01,1.1467899886490289e+00,7.0684429798119408e-01,1.4744449624243785e+00,7.8146905226490682e-01,1.9754189372051434e+00,1.1230055715975620e+00,8.0085522633125594e-01,1.4997294088796851e+00,1.6489106762762415e+00
1.0855390976479358e+00,1.2758474471644956e+00,1.0843285796873634e+00,1.1204359972439999e+00,1.5481563503447675e+00,8.8644393371667052e-01,7.7886539447295799e-01,5.2486327782937559e-01,1.1260183894599831e+00,1.9835536118141548e+00,1.3433082153853440e+00,1.3552682285214561e+00
1.0865390976479357e+00,1.2758474471644956e+00,1.0843285796873634e+00,1.1204359972439999e+00,1.5481563503447675e+00,8.8644393371667052e-01,7.7886539447295799e-01,5.2486327782937559e-01,1.1260183894599831e+00,1.9835536118141548e+00,1.3433082153853440e+00,1.3552682285214561e+00
1.0855390976479358e+00,1.2768474471644955e+00,1.0843285796873634e+00,1.1204359972439999e+00,1.5481563503447675e+00,8.8644393371667052e-01,7.7886539447295799e-01,5.2486327782937559e-01,1.1260183894599831e+00,1.9835536118141548e+00,1.3433082153853440e+00,1.3552682285214561e+00
1.0855390976479358e+00,1.2758474471644956e+00,1.0853285796873633e+00,1.1204359972439999e+00,1.5481563503447675e+00,8.8644393371667052e-01,7.7886539447295799e-01,5.2486327782937559e-01,1.1260183894599831e+00,1.9835536118141548e+00,1.3433082153853440e+00,1.3552682285214561e+00
1.0855390976479358e+00,1.2758474471644956e+00,1.0843285796873634e+00,1.1214359972439998e+00,1.5481563503447675e+00,8.8644393371667052e-01,7.7886539447295799e-01,5.2486327782937559e-01,1.1260183894599831e+00,1.9835536118141548e+00,1.3433082153853440e+00,1.3552682285214561e+00
1.0855390976479358e+00,1.2758474471644956e+00,1.0843285796873634e+00,1.1204359972439999e+00,1.5491563503447674e+00,8.8644393371667052e-01,7.7886539447295799e-01,5.2486327782937559e-01,1.1260183894599831e+00,1.9835536118141548e+00,1.3433082153853440e+00,1.3552682285214561e+00
1.0855390976479358e+00,1.2758474471644956e+00,1.0843285796873634e+00,1.1204359972439999e+00,1.5481563503447675e+00,8.8744393371667052e-01,7.7886539447295799e-01,5.2486327782937559e-01,1.1260183894599831e+00,1.9835536118141548e+00,1.3433082153853440e+00,1.3552682285214561e+00
1.0855390976479358e+00,1.2758474471644956e+00,1.0843285796873634e+00,1.1204359972439999e+00,1.5481563503447675e+00,8.8644393371667052e-01,7.7986539447295800e-01,5.2486327782937559e-01,1.1260183894599831e+00,1.9835536118141548e+00,1.3433082153853440e+00,1.3552682285214561e+00
1.0855390976479358e+00,1.2758474471644956e+00,1.0843285796873634e+00,1.1204359972439999e+00,1.5481563503447675e+00,8.8644393371667052e-01,7.7886539447295799e-01,5.2586327782937559e-01,1.1260183894599831e+00,1.9835536118141548e+00,1.3433082153853440e+00,1.3552682285214561e+00
1.0855390976479358e+00,1.2758474471644956e+00,1.0843285796873634e+00,1.1204359972439999e+00,1.5481563503447675e+00,8.8644393371667052e-01,7.7886539447295799e-01,5.2486327782937559e-01,1.1270183894599830e+00,1.9835536118141548e+00,1.3433082153853440e+00,1.3552682285214561e+00
1.0855390976479358e+00,1.2758474471644956e+00,1.0843285796873634e+00,1.1204359972439999e+00,1.5481563503447675e+00,8.8644393371667052e-01,7.7886539447295799e-01,5.2486327782937559e-01,1.1260183894599831e+00,1.9845536118141547e+00,1.3433082153853440e+00,1.3552682285214561e+00
1.0855390976479358e+00,1.2758474471644956e+00,1.0843285796873634e+00,1.1204359972439999e+00,1.5481563503447675e+00,8.8644393371667052e-01,7.7886539447295799e-01,5.2486327782937559e-01,1.1260183894599831e+00,1.9835536118141548e+00,1.3443082153853438e+00,1.3552682285214561e+00
1.0855390976479358e+00,1.2758474471644956e+00,1.0843285796873634e+00,1.1204359972439999e+00,1.5481563503447675e+00,8.8644393371667052e-01,7.7886539447295799e-01,5.2486327782937559e-01,1.1260183894599831e+00,1.9835536118141548e+00,1.3433082153853440e+00,1.3562682285214560e+00
9.2390515418227837e-01,8.8520606031110083e-01,8.9289793019217201e-01,9.3449661041522580e-01,2.1790978809484138e+00,1.2132706035167955e+00,1.2757706662430444e+00,1.9361452277254612e+00,1.8366960769336491e+00,6.8196696640709398e-01,1.1906094496481814e+00,5.2112506712581874e-01
9.2490515418227837e-01,8.8520606031110083e-01,8.9289793019217201e-01,9.3449661041522580e-01,2.1790978809484138e+00,1.2132706035167955e+00,1.2757706662430444e+00,1.9361452277254612e+00,1.8366960769336491e+00,6.8196696640709398e-01,1.1906094496481814e+00,5.2112506712581874e-01
9.2390515418227837e-01,8.8620606031110083e-01,8.9289793019217201e-01,9.3449661041522580e-01,2.1790978809484138e+00,1.2132706035167955e+00,1.2757706662430444e+00,1.9361452277254612e+00,1.8366960769336491e+00,6.8196696640709398e-01,1.1906094496481814e+00,5.2112506712581874e-01
9.2390515418227837e-01,8.8520606031110083e-01,8.9389793019217201e-01,9.3449661041522580e-01,2.1790978809484138e+00,1.2132706035167955e+00,1.2757706662430444e+00,1.9361452277254612e+00,1.8366960769336491e+00,6.8196696640709398e-01,1.1906094496481814e+00,5.2112506712581874e-01
9.2390515418227837e-01,8.8520606031110083e-01,8.9289793019217201e-01,9.3549661041522580e-01,2.1790978809484138e+00,1.2132706035167955e+00,1.2757706662430444e+00,1.9361452277254612e+00,1.8366960769336491e+00,6.8196696640709398e-01,1.1906094496481814e+00,5.2112506712581874e-01
9.2390515418227837e-01,8.8520606031110083e-01,8.9289793019217201e-01,9.3449661041522580e-01,2.1800978809484137e+00,1.2132706035167955e+00,1.2757706662430444e+00,1.9361452277254612e+00,1.8366960769336491e+00,6.8196696640709398e-01,1.1906094496481814e+00,5.2112506712581874e-01
9.2390515418227837e-01,8.8520606031110083e-01,8.9289793019217201e-01,9.3449661041522580e-01,2.1790978809484138e+00,1.2142706035167954e+00,1.2757706662430444e+00,1.9361452277254612e+00,1.8366960769336491e+00,6.8196696640709398e-01,1.1906094496481814e+00,5.2112506712581874e-01
9.2390515418227837e-01,8.8520606031110083e-01,8.9289793019217201e-01,9.3449661041522580e-01,2.1790978809484138e+00,1.2132706035167955e+00,1.2767706662430442e+00,1.9361452277254612e+00,1.8366960769336491e+00,6.8196696640709398e-01,1.1906094496481814e+00,5.2112506712581874e-01
9.2390515418227837e-01,8.8520606031110083e-01,8.9289793019217201e-01,9.3449661041522580e-01,2.1790978809484138e+00,1.2132706035167955e+00,1.2757706662430444e+00,1.9371452277254610e+00,1.8366960769336491e+00,6.8196696640709398e-01,1.1906094496481814e+00,5.2112506712581874e-01
9.2390515418227837e-01,8.8520606031110083e-01,8.9289793019217201e-01,9.3449661041522580e-01,2.1790978809484138e+00,1.2132706035167955e+00,1.2757706662430444e+00,1.9361452277254612e+00,1.8376960769336490e+00,6.8196696640709398e-01,1.1906094496481814e+00,5.2112506712581874e-01
9.2390515418227837e-01,8.8520606031110083e-01,8.9289793019217201e-01,9.3449661041522580e-01,2.1790978809484138e+00,1.2132706035167955e+00,1.2757706662430444e+00,1.9361452277254612e+00,1.8366960769336491e+00,6.8296696640709398e-01,1.1906094496481814e+00,5.2112506712581874e-01
9.2390515418227837e-01,8.8520606031110083e-01,8.9289793019217201e-01,9.3449661041522580e-01,2.1790978809484138e+00,1.2132706035167955e+00,1.2757706662430444e+00,1.9361452277254612e+00,1.8366960769336491e+00,6.8196696640709398e-01,1.1916094496481813e+00,5.2112506712581874e-01
9.2390515418227837e-01,8.8520606031110083e-01,8.9289793019217201e-01,9.3449661041522580e-01,2.1790978809484138e+00,1.2132706035167955e+00,1.2757706662430444e+00,1.9361452277254612e+00,1.8366960769336491e+00,6.8196696640709398e-01,1.1906094496481814e+00,5.2212506712581874e-01
9.3086258992712434e-01,1.1462621640956951e+00,1.0767506023106368e+00,9.6013397069042938e-01,1.0911958773378325e+00,1.9128899268413604e+00,1.2620560806425978e+00,1.9185788063282483e+00,1.0929533832073401e+00,1.3034476375056570e+00,1.8762194552209190e+00,1.9295176608364915e+00
9.3186258992712434e-01,1.1462621640956951e+00,1.0767506023106368e+00,9.6013397069042938e-01,1.0911958773378325e+00,1.9128899268413604e+00,1.2620560806425978e+00,1.9185788063282483e+00,1.0929533832073401e+00,1.3034476375056570e+00,1.8762194552209190e+00,1.9295176608364915e+00
9.3086258992712434e-01,1.1472621640956950e+00,1.0767506023106368e+00,9.6013397069042938e-01,1.0911958773378325e+00,1.9128899268413604e+00,1.2620560806425978e+00,1.9185788063282483e+00,1.0929533832073401e+00,1.3034476375056570e+00,1.8762194552209190e+00,1.9295176608364915e+00
9.3086258992712434e-01,1.1462621640956951e+00,1.0777506023106367e+00,9.6013397069042938e-01,1.0911958773378325e+00,1.9128899268413604e+00,1.2620560806425978e+00,1.9185788063282483e+00,1.0929533832073401e+00,1.3034476375056570e+00,1.8762194552209190e+00,1.9295176608364915e+00
9.3086258992712434e-01,1.1462621640956951e+00,1.0767506023106368e+00,9.6113397069042938e-01,1.0911958773378325e+00,1.9128899268413604e+00,1.2620560806425978e+00,1.9185788063282483e+00,1.0929533832073401e+00,1.3034476375056570e+00,1.8762194552209190e+00,1.9295176608364915e+00
9.3086258992712434e-01,1.1462621640956951e+00,1.0767506023106368e+00,9.6013397069042938e-01,1.0921958773378324e+00,1.9128899268413604e+00,1.2620560806425978e+00,1.9185788063282483e+00,1.0929533832073401e+00,1.3034476375056570e+00,1.8762194552209190e+00,1.9295176608364915e+00
9.3086258992712434e-01,1.1462621640956951e+00,1.0767506023106368e+00,9.6013397069042938e-01,1.0911958773378325e+00,1.9138899268413603e+00,1.2620560806425978e+00,1.9185788063282483e+00,1.0929533832073401e+00,1.3034476375056570e+00,1.8762194552209190e+00,1.9295176608364915e+00
9.3086258992712434e-01,1.1462621640956951e+00,1.0767506023106368e+00,9.6013397069042938e-01,1.0911958773378325e+00,1.9128899268413604e+00,1.2630560806425977e+00,1.9185788063282483e+00,1.0929533832073401e+00,1.3034476375056570e+00,1.8762194552209190e+00,1.9295176608364915e+00
9.3086258992712434e-01,1.1462621640956951e+00,1.0767506023106368e+00,9.6013397069042938e-01,1.0911958773378325e+00,1.9128899268413604e+00,1.2620560806425978e+00,1.9195788063282482e+00,1.0929533832073401e+00,1.3034476375056570e+00,1.8762194552209190e+00,1.9295176608364915e+00
9.3086258992712434e-01,1.1462621640956951e+00,1.0767506023106368e+00,9.6013397069042938e-01,1.0911958773378325e+00,1.9128899268413604e+00,1.2620560806425978e+00,1.9185788063282483e+00,1.0939533832073400e+00,1.3034476375056570e+00,1.8762194552209190e+00,1.9295176608364915e+00
9.3086258992712434e-01,1.1462621640956951e+00,1.0767506023106368e+00,9.6013397069042938e-01,1.0911958773378325e+00,1.9128899268413604e+00,1.2620560806425978e+00,1.9185788063282483e+00,1.0929533832073401e+00,1.3044476375056568e+00,1.8762194552209190e+00,1.9295176608364915e+00
9.3086258992712434e-01,1.1462621640956951e+00,1.0767506023106368e+00,9.6013397069042938e-01,1.0911958773378325e+00,1.9128899268413604e+00,1.2620560806425978e+00,1.9185788063282483e+00,1.0929533832073401e+00,1.3034476375056570e+00,1.8772194552209189e+00,1.9295176608364915e+00
9.3086258992712434e-01,1.1462621640956951e+00,1.0767506023106368e+00,9.6013397069042938e-01,1.0911958773378325e+00,1.9128899268413604e+00,1.2620560806425978e+00,1.9185788063282483e+00,1.0929533832073401e+00,1.3034476375056570e+00,1.8762194552209190e+00,1.9305176608364913e+00
1.0519946258603783e+00,9.2071215357957281e-01,8.5416935681054551e-01,9.0813680542525699e-01,8.7622423798742666e-01,1.7308269222069776e+00,1.0252223578368367e+00,1.6194635822062335e+00,1.1431441322460869e+00,1.6921766433706094e+00,7.3862018962350240e-01,7.2374661973966370e-01
1.0529946258603782e+00,9.2071215357957281e-01,8.5416935681054551e-01,9.0813680542525699e-01,8.7622423798742666e-01,1.7308269222069776e+00,1.0252223578368367e+00,1.6194635822062335e+00,1.1431441322460869e+00,1.6921766433706094e+00,7.3862018962350240e-01,7.2374661973966370e-01
1.0519946258603783e+00,9.2171215357957281e-01,8.5416935681054551e-01,9.0813680542525699e-01,8.7622423798742666e-01,1.7308269222069776e+00,1.0252223578368367e+00,1.6194635822062335e+00,1.1431441322460869e+00,1.6921766433706094e+00,7.3862018962350240e-01,7.2374661973966370e-01
1.0519946258603783e+00,9.2071215357957281e-01,8.5516935681054551e-01,9.0813680542525699e-01,8.7622423798742666e-01,1.7308269222069776e+00,1.0252223578368367e+00,1.6194635822062335e+00,1.1431441322460869e+00,1.6921766433706094e+00,7.3862018962350240e-01,7.2374661973966370e-01
1.0519946258603783e+00,9.2071215357957281e-01,8.5416935681054551e-01,9.0913680542525699e-01,8.7622423798742666e-01,1.7308269222069776e+00,1.0252223578368367e+00,1.6194635822062335e+00,1.1431441322460869e+00,1.6921766433706094e+00,7.3862018962350240e-01,7.2374661973966370e-01
1.0519946258603783e+00,9.2071215357957281e-01,8.5416935681054551e-01,9.0813680542525699e-01,8.7722423798742666e-01,1.7308269222069776e+00,1.0252223578368367e+00,1.6194635822062335e+00,1.1431441322460869e+00,1.6921766433706094e+00,7.3862018962350240e-01,7.2374661973966370e-01
1.0519946258603783e+00,9.2071215357957281e-01,8.5416935681054551e-01,9.0813680542525699e-01,8.7622423798742666e-01,1.7318269222069775e+00,1.0252223578368367e+00,1.6194635822062335e+00,1.1431441322460869e+00,1.6921766433706094e+00,7.3862018962350240e-01,7.2374661973966370e-01
1.0519946258603783e+00,9.2071215357957281e-01,8.5416935681054551e-01,9.0813680542525699e-01,8.7622423798742666e-01,1.7308269222069776e+00,1.0262223578368366e+00,1.6194635822062335e+00,1.1431441322460869e+00,1.6921766433706094e+00,7.3862018962350240e-01,7.2374661973966370e-01
1.0519946258603783e+00,9.2071215357957281e-01,8.5416935681054551e-01,9.0813680542525699e-01,8.7622423798742666e-01,1.7308269222069776e+00,1.0252223578368367e+00,1.6204635822062334e+00,1.1431441322460869e+00,1.6921766433706094e+00,7.3862018962350240e-01,7.2374661973966370e-01
1.0519946258603783e+00,9.2071215357957281e-01,8.5416935681054551e-01,9.0813680542525699e-01,8.7622423798742666e-01,1.7308269222069776e+00,1.0252223578368367e+00,1.6194635822062335e+00,1.1441441322460868e+00,1.6921766433706094e+00,7.3862018962350240e-01,7.2374661973966370e-01
1.0519946258603783e+00,9.2071215357957281e-01,8.5416935681054551e-01,9.0813680542525699e-01,8.7622423798742666e-01,1.7308269222069776e+00,1.0252223578368367e+00,1.6194635822062335e+00,1.1431441322460869e+00,1.6931766433706092e+00,7.3862018962350240e-01,7.2374661973966370e-01
1.0519946258603783e+00,9.2071215357957281e-01,8.5416935681054551e-01,9.0813680542525699e-01,8.7622423798742666e-01,1.7308269222069776e+00,1.0252223578368367e+00,1.6194635822062335e+00,1.1431441322460869e+00,1.6921766433706094e+00,7.3962018962350240e-01,7.2374661973966370e-01
1.0519946258603783e+00,9.2071215357957281e-01,8.5416935681054551e-01,9.0813680542525699e-01,8.7622423798742666e-01,1.7308269222069776e+00,1.0252223578368367e+00,1.6194635822062335e+00,1.1431441322460869e+00,1.6921766433706094e+00,7.3862018962350240e-01,7.2474661973966370e-01
